------- BEAMDYN V1.00.* INDIVIDUAL BLADE INPUT FILE --------------------------
Generated from MATLAB script
---------------------- BLADE PARAMETERS --------------------------------------
51   station_total    - Number of blade input stations (-)
1   damp_flag        - Damping flag: 0: no damping; 1: damped
---------------------- DAMPING COEFFICIENT------------------------------------
   mu1        mu2        mu3        mu4        mu5        mu6
   (-)        (-)        (-)        (-)        (-)        (-)
1.000000E-03 1.000000E-03 1.000000E-03 1.000000E-03 1.000000E-03 1.000000E-03
---------------------- DISTRIBUTED PROPERTIES---------------------------------
0.000000E+00
0.000000E+00 0.000000E+00 0.000000E+00 0.000000E+00 0.000000E+00 0.000000E+00
0.000000E+00 0.000000E+00 0.000000E+00 0.000000E+00 0.000000E+00 0.000000E+00
0.000000E+00 0.000000E+00 3.097000E+10 0.000000E+00 0.000000E+00 0.000000E+00
0.000000E+00 0.000000E+00 0.000000E+00 9.874000E+10 0.000000E+00 0.000000E+00
0.000000E+00 0.000000E+00 0.000000E+00 0.000000E+00 9.848000E+10 0.000000E+00
0.000000E+00 0.000000E+00 0.000000E+00 0.000000E+00 0.000000E+00 6.009000E+10
 
2.928000E+03 0.000000E+00 0.000000E+00 0.000000E+00 0.000000E+00 -0.000000E+00
0.000000E+00 2.928000E+03 0.000000E+00 0.000000E+00 0.000000E+00 0.000000E+00
0.000000E+00 0.000000E+00 2.928000E+03 0.000000E+00 -0.000000E+00 0.000000E+00
0.000000E+00 0.000000E+00 0.000000E+00 9.399000E+03 0.000000E+00 0.000000E+00
0.000000E+00 0.000000E+00 -0.000000E+00 0.000000E+00 9.423000E+03 0.000000E+00
-0.000000E+00 0.000000E+00 0.000000E+00 0.000000E+00 0.000000E+00 1.882200E+04
 
2.000000E-02
0.000000E+00 0.000000E+00 0.000000E+00 0.000000E+00 0.000000E+00 0.000000E+00
0.000000E+00 0.000000E+00 0.000000E+00 0.000000E+00 0.000000E+00 0.000000E+00
0.000000E+00 0.000000E+00 2.824000E+10 0.000000E+00 0.000000E+00 0.000000E+00
0.000000E+00 0.000000E+00 0.000000E+00 8.993000E+10 0.000000E+00 0.000000E+00
0.000000E+00 0.000000E+00 0.000000E+00 0.000000E+00 9.028000E+10 0.000000E+00
0.000000E+00 0.000000E+00 0.000000E+00 0.000000E+00 0.000000E+00 5.467000E+10
 
2.713000E+03 0.000000E+00 0.000000E+00 0.000000E+00 0.000000E+00 -6.782500E+01
0.000000E+00 2.713000E+03 0.000000E+00 0.000000E+00 0.000000E+00 0.000000E+00
0.000000E+00 0.000000E+00 2.713000E+03 6.782500E+01 -0.000000E+00 0.000000E+00
0.000000E+00 0.000000E+00 6.782500E+01 8.854000E+03 0.000000E+00 0.000000E+00
0.000000E+00 0.000000E+00 -0.000000E+00 0.000000E+00 8.650000E+03 0.000000E+00
-6.782500E+01 0.000000E+00 0.000000E+00 0.000000E+00 0.000000E+00 1.750400E+04
 
4.000000E-02
0.000000E+00 0.000000E+00 0.000000E+00 0.000000E+00 0.000000E+00 0.000000E+00
0.000000E+00 0.000000E+00 0.000000E+00 0.000000E+00 0.000000E+00 0.000000E+00
0.000000E+00 0.000000E+00 2.569000E+10 0.000000E+00 0.000000E+00 0.000000E+00
0.000000E+00 0.000000E+00 0.000000E+00 8.271000E+10 0.000000E+00 0.000000E+00
0.000000E+00 0.000000E+00 0.000000E+00 0.000000E+00 8.330000E+10 0.000000E+00
0.000000E+00 0.000000E+00 0.000000E+00 0.000000E+00 0.000000E+00 4.988000E+10
 
2.500000E+03 0.000000E+00 0.000000E+00 0.000000E+00 0.000000E+00 -8.750000E+01
0.000000E+00 2.500000E+03 0.000000E+00 0.000000E+00 0.000000E+00 7.500000E+00
0.000000E+00 0.000000E+00 2.500000E+03 8.750000E+01 -7.500000E+00 0.000000E+00
0.000000E+00 0.000000E+00 8.750000E+01 8.344000E+03 0.000000E+00 0.000000E+00
0.000000E+00 0.000000E+00 -7.500000E+00 0.000000E+00 7.990000E+03 0.000000E+00
-8.750000E+01 7.500000E+00 0.000000E+00 0.000000E+00 0.000000E+00 1.633400E+04
 
6.000000E-02
0.000000E+00 0.000000E+00 0.000000E+00 0.000000E+00 0.000000E+00 0.000000E+00
0.000000E+00 0.000000E+00 0.000000E+00 0.000000E+00 0.000000E+00 0.000000E+00
0.000000E+00 0.000000E+00 2.330000E+10 0.000000E+00 0.000000E+00 0.000000E+00
0.000000E+00 0.000000E+00 0.000000E+00 7.680000E+10 0.000000E+00 0.000000E+00
0.000000E+00 0.000000E+00 0.000000E+00 0.000000E+00 7.643000E+10 0.000000E+00
0.000000E+00 0.000000E+00 0.000000E+00 0.000000E+00 0.000000E+00 4.543000E+10
 
2.306000E+03 0.000000E+00 0.000000E+00 0.000000E+00 0.000000E+00 -4.934840E+02
0.000000E+00 2.306000E+03 0.000000E+00 0.000000E+00 0.000000E+00 1.844800E+01
0.000000E+00 0.000000E+00 2.306000E+03 4.934840E+02 -1.844800E+01 0.000000E+00
0.000000E+00 0.000000E+00 4.934840E+02 7.844000E+03 0.000000E+00 0.000000E+00
0.000000E+00 0.000000E+00 -1.844800E+01 0.000000E+00 7.409000E+03 0.000000E+00
-4.934840E+02 1.844800E+01 0.000000E+00 0.000000E+00 0.000000E+00 1.525300E+04
 
8.000000E-02
0.000000E+00 0.000000E+00 0.000000E+00 0.000000E+00 0.000000E+00 0.000000E+00
0.000000E+00 0.000000E+00 0.000000E+00 0.000000E+00 0.000000E+00 0.000000E+00
0.000000E+00 0.000000E+00 2.098000E+10 0.000000E+00 0.000000E+00 0.000000E+00
0.000000E+00 0.000000E+00 0.000000E+00 7.099000E+10 0.000000E+00 0.000000E+00
0.000000E+00 0.000000E+00 0.000000E+00 0.000000E+00 6.978000E+10 0.000000E+00
0.000000E+00 0.000000E+00 0.000000E+00 0.000000E+00 0.000000E+00 4.054000E+10
 
2.116000E+03 0.000000E+00 0.000000E+00 0.000000E+00 0.000000E+00 -6.348000E+02
0.000000E+00 2.116000E+03 0.000000E+00 0.000000E+00 0.000000E+00 3.174000E+01
0.000000E+00 0.000000E+00 2.116000E+03 6.348000E+02 -3.174000E+01 0.000000E+00
0.000000E+00 0.000000E+00 6.348000E+02 7.417000E+03 0.000000E+00 0.000000E+00
0.000000E+00 0.000000E+00 -3.174000E+01 0.000000E+00 6.801000E+03 0.000000E+00
-6.348000E+02 3.174000E+01 0.000000E+00 0.000000E+00 0.000000E+00 1.421800E+04
 
1.000000E-01
0.000000E+00 0.000000E+00 0.000000E+00 0.000000E+00 0.000000E+00 0.000000E+00
0.000000E+00 0.000000E+00 0.000000E+00 0.000000E+00 0.000000E+00 0.000000E+00
0.000000E+00 0.000000E+00 1.858000E+10 0.000000E+00 0.000000E+00 0.000000E+00
0.000000E+00 0.000000E+00 0.000000E+00 6.439000E+10 0.000000E+00 0.000000E+00
0.000000E+00 0.000000E+00 0.000000E+00 0.000000E+00 6.174000E+10 0.000000E+00
0.000000E+00 0.000000E+00 0.000000E+00 0.000000E+00 0.000000E+00 3.463000E+10
 
1.901000E+03 0.000000E+00 0.000000E+00 0.000000E+00 0.000000E+00 -8.288360E+02
0.000000E+00 1.901000E+03 0.000000E+00 0.000000E+00 0.000000E+00 3.992100E+01
0.000000E+00 0.000000E+00 1.901000E+03 8.288360E+02 -3.992100E+01 0.000000E+00
0.000000E+00 0.000000E+00 8.288360E+02 6.696000E+03 0.000000E+00 0.000000E+00
0.000000E+00 0.000000E+00 -3.992100E+01 0.000000E+00 6.090000E+03 0.000000E+00
-8.288360E+02 3.992100E+01 0.000000E+00 0.000000E+00 0.000000E+00 1.278600E+04
 
1.200000E-01
0.000000E+00 0.000000E+00 0.000000E+00 0.000000E+00 0.000000E+00 0.000000E+00
0.000000E+00 0.000000E+00 0.000000E+00 0.000000E+00 0.000000E+00 0.000000E+00
0.000000E+00 0.000000E+00 1.613000E+10 0.000000E+00 0.000000E+00 0.000000E+00
0.000000E+00 0.000000E+00 0.000000E+00 5.666000E+10 0.000000E+00 0.000000E+00
0.000000E+00 0.000000E+00 0.000000E+00 0.000000E+00 5.314000E+10 0.000000E+00
0.000000E+00 0.000000E+00 0.000000E+00 0.000000E+00 0.000000E+00 2.769000E+10
 
1.688000E+03 0.000000E+00 0.000000E+00 0.000000E+00 0.000000E+00 -9.621600E+02
0.000000E+00 1.688000E+03 0.000000E+00 0.000000E+00 0.000000E+00 4.557600E+01
0.000000E+00 0.000000E+00 1.688000E+03 9.621600E+02 -4.557600E+01 0.000000E+00
0.000000E+00 0.000000E+00 9.621600E+02 5.941000E+03 0.000000E+00 0.000000E+00
0.000000E+00 0.000000E+00 -4.557600E+01 0.000000E+00 5.258000E+03 0.000000E+00
-9.621600E+02 4.557600E+01 0.000000E+00 0.000000E+00 0.000000E+00 1.119900E+04
 
1.400000E-01
0.000000E+00 0.000000E+00 0.000000E+00 0.000000E+00 0.000000E+00 0.000000E+00
0.000000E+00 0.000000E+00 0.000000E+00 0.000000E+00 0.000000E+00 0.000000E+00
0.000000E+00 0.000000E+00 1.354000E+10 0.000000E+00 0.000000E+00 0.000000E+00
0.000000E+00 0.000000E+00 0.000000E+00 4.818000E+10 0.000000E+00 0.000000E+00
0.000000E+00 0.000000E+00 0.000000E+00 0.000000E+00 4.442000E+10 0.000000E+00
0.000000E+00 0.000000E+00 0.000000E+00 0.000000E+00 0.000000E+00 2.055000E+10
 
1.429000E+03 0.000000E+00 0.000000E+00 0.000000E+00 0.000000E+00 -9.945840E+02
0.000000E+00 1.429000E+03 0.000000E+00 0.000000E+00 0.000000E+00 4.429900E+01
0.000000E+00 0.000000E+00 1.429000E+03 9.945840E+02 -4.429900E+01 0.000000E+00
0.000000E+00 0.000000E+00 9.945840E+02 5.011000E+03 0.000000E+00 0.000000E+00
0.000000E+00 0.000000E+00 -4.429900E+01 0.000000E+00 4.302000E+03 0.000000E+00
-9.945840E+02 4.429900E+01 0.000000E+00 0.000000E+00 0.000000E+00 9.313000E+03
 
1.600000E-01
0.000000E+00 0.000000E+00 0.000000E+00 0.000000E+00 0.000000E+00 0.000000E+00
0.000000E+00 0.000000E+00 0.000000E+00 0.000000E+00 0.000000E+00 0.000000E+00
0.000000E+00 0.000000E+00 1.065000E+10 0.000000E+00 0.000000E+00 0.000000E+00
0.000000E+00 0.000000E+00 0.000000E+00 3.826000E+10 0.000000E+00 0.000000E+00
0.000000E+00 0.000000E+00 0.000000E+00 0.000000E+00 3.449000E+10 0.000000E+00
0.000000E+00 0.000000E+00 0.000000E+00 0.000000E+00 0.000000E+00 1.390000E+10
 
1.146000E+03 0.000000E+00 0.000000E+00 0.000000E+00 0.000000E+00 -8.870040E+02
0.000000E+00 1.146000E+03 0.000000E+00 0.000000E+00 0.000000E+00 3.667200E+01
0.000000E+00 0.000000E+00 1.146000E+03 8.870040E+02 -3.667200E+01 0.000000E+00
0.000000E+00 0.000000E+00 8.870040E+02 4.048000E+03 0.000000E+00 0.000000E+00
0.000000E+00 0.000000E+00 -3.667200E+01 0.000000E+00 3.242000E+03 0.000000E+00
-8.870040E+02 3.667200E+01 0.000000E+00 0.000000E+00 0.000000E+00 7.290000E+03
 
1.800000E-01
0.000000E+00 0.000000E+00 0.000000E+00 0.000000E+00 0.000000E+00 0.000000E+00
0.000000E+00 0.000000E+00 0.000000E+00 0.000000E+00 0.000000E+00 0.000000E+00
0.000000E+00 0.000000E+00 7.690000E+09 0.000000E+00 0.000000E+00 0.000000E+00
0.000000E+00 0.000000E+00 0.000000E+00 2.495000E+10 0.000000E+00 0.000000E+00
0.000000E+00 0.000000E+00 0.000000E+00 0.000000E+00 2.424000E+10 0.000000E+00
0.000000E+00 0.000000E+00 0.000000E+00 0.000000E+00 0.000000E+00 7.158000E+09
 
8.534000E+02 0.000000E+00 0.000000E+00 0.000000E+00 0.000000E+00 -7.322172E+02
0.000000E+00 8.534000E+02 0.000000E+00 0.000000E+00 0.000000E+00 2.816220E+01
0.000000E+00 0.000000E+00 8.534000E+02 7.322172E+02 -2.816220E+01 0.000000E+00
0.000000E+00 0.000000E+00 7.322172E+02 3.005000E+03 0.000000E+00 0.000000E+00
0.000000E+00 0.000000E+00 -2.816220E+01 0.000000E+00 1.949000E+03 0.000000E+00
-7.322172E+02 2.816220E+01 0.000000E+00 0.000000E+00 0.000000E+00 4.954000E+03
 
2.000000E-01
0.000000E+00 0.000000E+00 0.000000E+00 0.000000E+00 0.000000E+00 0.000000E+00
0.000000E+00 0.000000E+00 0.000000E+00 0.000000E+00 0.000000E+00 0.000000E+00
0.000000E+00 0.000000E+00 4.878000E+09 0.000000E+00 0.000000E+00 0.000000E+00
0.000000E+00 0.000000E+00 0.000000E+00 1.357000E+10 0.000000E+00 0.000000E+00
0.000000E+00 0.000000E+00 0.000000E+00 0.000000E+00 1.422000E+10 0.000000E+00
0.000000E+00 0.000000E+00 0.000000E+00 0.000000E+00 0.000000E+00 1.956000E+09
 
5.647000E+02 0.000000E+00 0.000000E+00 0.000000E+00 0.000000E+00 -5.630059E+02
0.000000E+00 5.647000E+02 0.000000E+00 0.000000E+00 0.000000E+00 1.919980E+01
0.000000E+00 0.000000E+00 5.647000E+02 5.630059E+02 -1.919980E+01 0.000000E+00
0.000000E+00 0.000000E+00 5.630059E+02 1.952000E+03 0.000000E+00 0.000000E+00
0.000000E+00 0.000000E+00 -1.919980E+01 0.000000E+00 8.992000E+02 0.000000E+00
-5.630059E+02 1.919980E+01 0.000000E+00 0.000000E+00 0.000000E+00 2.851200E+03
 
2.200000E-01
0.000000E+00 0.000000E+00 0.000000E+00 0.000000E+00 0.000000E+00 0.000000E+00
0.000000E+00 0.000000E+00 0.000000E+00 0.000000E+00 0.000000E+00 0.000000E+00
0.000000E+00 0.000000E+00 4.659000E+09 0.000000E+00 0.000000E+00 0.000000E+00
0.000000E+00 0.000000E+00 0.000000E+00 9.281000E+09 0.000000E+00 0.000000E+00
0.000000E+00 0.000000E+00 0.000000E+00 0.000000E+00 1.206000E+10 0.000000E+00
0.000000E+00 0.000000E+00 0.000000E+00 0.000000E+00 0.000000E+00 1.050000E+09
 
4.588000E+02 0.000000E+00 0.000000E+00 0.000000E+00 0.000000E+00 -4.941276E+02
0.000000E+00 4.588000E+02 0.000000E+00 0.000000E+00 0.000000E+00 1.605800E+01
0.000000E+00 0.000000E+00 4.588000E+02 4.941276E+02 -1.605800E+01 0.000000E+00
0.000000E+00 0.000000E+00 4.941276E+02 1.506000E+03 0.000000E+00 0.000000E+00
0.000000E+00 0.000000E+00 -1.605800E+01 0.000000E+00 4.919000E+02 0.000000E+00
-4.941276E+02 1.605800E+01 0.000000E+00 0.000000E+00 0.000000E+00 1.997900E+03
 
2.400000E-01
0.000000E+00 0.000000E+00 0.000000E+00 0.000000E+00 0.000000E+00 0.000000E+00
0.000000E+00 0.000000E+00 0.000000E+00 0.000000E+00 0.000000E+00 0.000000E+00
0.000000E+00 0.000000E+00 4.569000E+09 0.000000E+00 0.000000E+00 0.000000E+00
0.000000E+00 0.000000E+00 0.000000E+00 6.522000E+09 0.000000E+00 0.000000E+00
0.000000E+00 0.000000E+00 0.000000E+00 0.000000E+00 1.124000E+10 0.000000E+00
0.000000E+00 0.000000E+00 0.000000E+00 0.000000E+00 0.000000E+00 5.987000E+08
 
3.906000E+02 0.000000E+00 0.000000E+00 0.000000E+00 0.000000E+00 -4.695012E+02
0.000000E+00 3.906000E+02 0.000000E+00 0.000000E+00 0.000000E+00 1.406160E+01
0.000000E+00 0.000000E+00 3.906000E+02 4.695012E+02 -1.406160E+01 0.000000E+00
0.000000E+00 0.000000E+00 4.695012E+02 1.249000E+03 0.000000E+00 0.000000E+00
0.000000E+00 0.000000E+00 -1.406160E+01 0.000000E+00 2.914000E+02 0.000000E+00
-4.695012E+02 1.406160E+01 0.000000E+00 0.000000E+00 0.000000E+00 1.540400E+03
 
2.600000E-01
0.000000E+00 0.000000E+00 0.000000E+00 0.000000E+00 0.000000E+00 0.000000E+00
0.000000E+00 0.000000E+00 0.000000E+00 0.000000E+00 0.000000E+00 0.000000E+00
0.000000E+00 0.000000E+00 4.489000E+09 0.000000E+00 0.000000E+00 0.000000E+00
0.000000E+00 0.000000E+00 0.000000E+00 5.187000E+09 0.000000E+00 0.000000E+00
0.000000E+00 0.000000E+00 0.000000E+00 0.000000E+00 1.004000E+10 0.000000E+00
0.000000E+00 0.000000E+00 0.000000E+00 0.000000E+00 0.000000E+00 3.671000E+08
 
3.372000E+02 0.000000E+00 0.000000E+00 0.000000E+00 0.000000E+00 -4.235232E+02
0.000000E+00 3.372000E+02 0.000000E+00 0.000000E+00 0.000000E+00 1.180200E+01
0.000000E+00 0.000000E+00 3.372000E+02 4.235232E+02 -1.180200E+01 0.000000E+00
0.000000E+00 0.000000E+00 4.235232E+02 1.038000E+03 0.000000E+00 0.000000E+00
0.000000E+00 0.000000E+00 -1.180200E+01 0.000000E+00 1.987000E+02 0.000000E+00
-4.235232E+02 1.180200E+01 0.000000E+00 0.000000E+00 0.000000E+00 1.236700E+03
 
2.800000E-01
0.000000E+00 0.000000E+00 0.000000E+00 0.000000E+00 0.000000E+00 0.000000E+00
0.000000E+00 0.000000E+00 0.000000E+00 0.000000E+00 0.000000E+00 0.000000E+00
0.000000E+00 0.000000E+00 4.430000E+09 0.000000E+00 0.000000E+00 0.000000E+00
0.000000E+00 0.000000E+00 0.000000E+00 4.168000E+09 0.000000E+00 0.000000E+00
0.000000E+00 0.000000E+00 0.000000E+00 0.000000E+00 8.824000E+09 0.000000E+00
0.000000E+00 0.000000E+00 0.000000E+00 0.000000E+00 0.000000E+00 2.056000E+08
 
2.868000E+02 0.000000E+00 0.000000E+00 0.000000E+00 0.000000E+00 -3.693984E+02
0.000000E+00 2.868000E+02 0.000000E+00 0.000000E+00 0.000000E+00 9.177600E+00
0.000000E+00 0.000000E+00 2.868000E+02 3.693984E+02 -9.177600E+00 0.000000E+00
0.000000E+00 0.000000E+00 3.693984E+02 8.298000E+02 0.000000E+00 0.000000E+00
0.000000E+00 0.000000E+00 -9.177600E+00 0.000000E+00 1.348000E+02 0.000000E+00
-3.693984E+02 9.177600E+00 0.000000E+00 0.000000E+00 0.000000E+00 9.646000E+02
 
3.000000E-01
0.000000E+00 0.000000E+00 0.000000E+00 0.000000E+00 0.000000E+00 0.000000E+00
0.000000E+00 0.000000E+00 0.000000E+00 0.000000E+00 0.000000E+00 0.000000E+00
0.000000E+00 0.000000E+00 4.417000E+09 0.000000E+00 0.000000E+00 0.000000E+00
0.000000E+00 0.000000E+00 0.000000E+00 3.403000E+09 0.000000E+00 0.000000E+00
0.000000E+00 0.000000E+00 0.000000E+00 0.000000E+00 7.891000E+09 0.000000E+00
0.000000E+00 0.000000E+00 0.000000E+00 0.000000E+00 0.000000E+00 1.298000E+08
 
2.572000E+02 0.000000E+00 0.000000E+00 0.000000E+00 0.000000E+00 -3.292160E+02
0.000000E+00 2.572000E+02 0.000000E+00 0.000000E+00 0.000000E+00 7.458800E+00
0.000000E+00 0.000000E+00 2.572000E+02 3.292160E+02 -7.458800E+00 0.000000E+00
0.000000E+00 0.000000E+00 3.292160E+02 6.915000E+02 0.000000E+00 0.000000E+00
0.000000E+00 0.000000E+00 -7.458800E+00 0.000000E+00 9.882000E+01 0.000000E+00
-3.292160E+02 7.458800E+00 0.000000E+00 0.000000E+00 0.000000E+00 7.903200E+02
 
3.200000E-01
0.000000E+00 0.000000E+00 0.000000E+00 0.000000E+00 0.000000E+00 0.000000E+00
0.000000E+00 0.000000E+00 0.000000E+00 0.000000E+00 0.000000E+00 0.000000E+00
0.000000E+00 0.000000E+00 4.427000E+09 0.000000E+00 0.000000E+00 0.000000E+00
0.000000E+00 0.000000E+00 0.000000E+00 2.873000E+09 0.000000E+00 0.000000E+00
0.000000E+00 0.000000E+00 0.000000E+00 0.000000E+00 7.245000E+09 0.000000E+00
0.000000E+00 0.000000E+00 0.000000E+00 0.000000E+00 0.000000E+00 1.060000E+08
 
2.472000E+02 0.000000E+00 0.000000E+00 0.000000E+00 0.000000E+00 -3.075168E+02
0.000000E+00 2.472000E+02 0.000000E+00 0.000000E+00 0.000000E+00 6.674400E+00
0.000000E+00 0.000000E+00 2.472000E+02 3.075168E+02 -6.674400E+00 0.000000E+00
0.000000E+00 0.000000E+00 3.075168E+02 6.196000E+02 0.000000E+00 0.000000E+00
0.000000E+00 0.000000E+00 -6.674400E+00 0.000000E+00 8.086000E+01 0.000000E+00
-3.075168E+02 6.674400E+00 0.000000E+00 0.000000E+00 0.000000E+00 7.004600E+02
 
3.400000E-01
0.000000E+00 0.000000E+00 0.000000E+00 0.000000E+00 0.000000E+00 0.000000E+00
0.000000E+00 0.000000E+00 0.000000E+00 0.000000E+00 0.000000E+00 0.000000E+00
0.000000E+00 0.000000E+00 4.396000E+09 0.000000E+00 0.000000E+00 0.000000E+00
0.000000E+00 0.000000E+00 0.000000E+00 2.536000E+09 0.000000E+00 0.000000E+00
0.000000E+00 0.000000E+00 0.000000E+00 0.000000E+00 6.647000E+09 0.000000E+00
0.000000E+00 0.000000E+00 0.000000E+00 0.000000E+00 0.000000E+00 9.132000E+07
 
2.391000E+02 0.000000E+00 0.000000E+00 0.000000E+00 0.000000E+00 -2.917020E+02
0.000000E+00 2.391000E+02 0.000000E+00 0.000000E+00 0.000000E+00 6.216600E+00
0.000000E+00 0.000000E+00 2.391000E+02 2.917020E+02 -6.216600E+00 0.000000E+00
0.000000E+00 0.000000E+00 2.917020E+02 5.648000E+02 0.000000E+00 0.000000E+00
0.000000E+00 0.000000E+00 -6.216600E+00 0.000000E+00 6.991000E+01 0.000000E+00
-2.917020E+02 6.216600E+00 0.000000E+00 0.000000E+00 0.000000E+00 6.347100E+02
 
3.600000E-01
0.000000E+00 0.000000E+00 0.000000E+00 0.000000E+00 0.000000E+00 0.000000E+00
0.000000E+00 0.000000E+00 0.000000E+00 0.000000E+00 0.000000E+00 0.000000E+00
0.000000E+00 0.000000E+00 4.348000E+09 0.000000E+00 0.000000E+00 0.000000E+00
0.000000E+00 0.000000E+00 0.000000E+00 2.288000E+09 0.000000E+00 0.000000E+00
0.000000E+00 0.000000E+00 0.000000E+00 0.000000E+00 6.114000E+09 0.000000E+00
0.000000E+00 0.000000E+00 0.000000E+00 0.000000E+00 0.000000E+00 8.068000E+07
 
2.319000E+02 0.000000E+00 0.000000E+00 0.000000E+00 0.000000E+00 -2.778162E+02
0.000000E+00 2.319000E+02 0.000000E+00 0.000000E+00 0.000000E+00 5.333700E+00
0.000000E+00 0.000000E+00 2.319000E+02 2.778162E+02 -5.333700E+00 0.000000E+00
0.000000E+00 0.000000E+00 2.778162E+02 5.180000E+02 0.000000E+00 0.000000E+00
0.000000E+00 0.000000E+00 -5.333700E+00 0.000000E+00 6.205000E+01 0.000000E+00
-2.778162E+02 5.333700E+00 0.000000E+00 0.000000E+00 0.000000E+00 5.800500E+02
 
3.800000E-01
0.000000E+00 0.000000E+00 0.000000E+00 0.000000E+00 0.000000E+00 0.000000E+00
0.000000E+00 0.000000E+00 0.000000E+00 0.000000E+00 0.000000E+00 0.000000E+00
0.000000E+00 0.000000E+00 4.295000E+09 0.000000E+00 0.000000E+00 0.000000E+00
0.000000E+00 0.000000E+00 0.000000E+00 2.099000E+09 0.000000E+00 0.000000E+00
0.000000E+00 0.000000E+00 0.000000E+00 0.000000E+00 5.385000E+09 0.000000E+00
0.000000E+00 0.000000E+00 0.000000E+00 0.000000E+00 0.000000E+00 7.228000E+07
 
2.241000E+02 0.000000E+00 0.000000E+00 0.000000E+00 0.000000E+00 -2.503197E+02
0.000000E+00 2.241000E+02 0.000000E+00 0.000000E+00 0.000000E+00 4.706100E+00
0.000000E+00 0.000000E+00 2.241000E+02 2.503197E+02 -4.706100E+00 0.000000E+00
0.000000E+00 0.000000E+00 2.503197E+02 4.690000E+02 0.000000E+00 0.000000E+00
0.000000E+00 0.000000E+00 -4.706100E+00 0.000000E+00 5.598000E+01 0.000000E+00
-2.503197E+02 4.706100E+00 0.000000E+00 0.000000E+00 0.000000E+00 5.249800E+02
 
4.000000E-01
0.000000E+00 0.000000E+00 0.000000E+00 0.000000E+00 0.000000E+00 0.000000E+00
0.000000E+00 0.000000E+00 0.000000E+00 0.000000E+00 0.000000E+00 0.000000E+00
0.000000E+00 0.000000E+00 4.259000E+09 0.000000E+00 0.000000E+00 0.000000E+00
0.000000E+00 0.000000E+00 0.000000E+00 1.945000E+09 0.000000E+00 0.000000E+00
0.000000E+00 0.000000E+00 0.000000E+00 0.000000E+00 4.972000E+09 0.000000E+00
0.000000E+00 0.000000E+00 0.000000E+00 0.000000E+00 0.000000E+00 6.525000E+07
 
2.180000E+02 0.000000E+00 0.000000E+00 0.000000E+00 0.000000E+00 -2.391460E+02
0.000000E+00 2.180000E+02 0.000000E+00 0.000000E+00 0.000000E+00 4.142000E+00
0.000000E+00 0.000000E+00 2.180000E+02 2.391460E+02 -4.142000E+00 0.000000E+00
0.000000E+00 0.000000E+00 2.391460E+02 4.324000E+02 0.000000E+00 0.000000E+00
0.000000E+00 0.000000E+00 -4.142000E+00 0.000000E+00 5.097000E+01 0.000000E+00
-2.391460E+02 4.142000E+00 0.000000E+00 0.000000E+00 0.000000E+00 4.833700E+02
 
4.200000E-01
0.000000E+00 0.000000E+00 0.000000E+00 0.000000E+00 0.000000E+00 0.000000E+00
0.000000E+00 0.000000E+00 0.000000E+00 0.000000E+00 0.000000E+00 0.000000E+00
0.000000E+00 0.000000E+00 4.201000E+09 0.000000E+00 0.000000E+00 0.000000E+00
0.000000E+00 0.000000E+00 0.000000E+00 1.792000E+09 0.000000E+00 0.000000E+00
0.000000E+00 0.000000E+00 0.000000E+00 0.000000E+00 4.585000E+09 0.000000E+00
0.000000E+00 0.000000E+00 0.000000E+00 0.000000E+00 0.000000E+00 5.887000E+07
 
2.119000E+02 0.000000E+00 0.000000E+00 0.000000E+00 0.000000E+00 -2.277925E+02
0.000000E+00 2.119000E+02 0.000000E+00 0.000000E+00 0.000000E+00 3.814200E+00
0.000000E+00 0.000000E+00 2.119000E+02 2.277925E+02 -3.814200E+00 0.000000E+00
0.000000E+00 0.000000E+00 2.277925E+02 3.986000E+02 0.000000E+00 0.000000E+00
0.000000E+00 0.000000E+00 -3.814200E+00 0.000000E+00 4.631000E+01 0.000000E+00
-2.277925E+02 3.814200E+00 0.000000E+00 0.000000E+00 0.000000E+00 4.449100E+02
 
4.400000E-01
0.000000E+00 0.000000E+00 0.000000E+00 0.000000E+00 0.000000E+00 0.000000E+00
0.000000E+00 0.000000E+00 0.000000E+00 0.000000E+00 0.000000E+00 0.000000E+00
0.000000E+00 0.000000E+00 4.149000E+09 0.000000E+00 0.000000E+00 0.000000E+00
0.000000E+00 0.000000E+00 0.000000E+00 1.635000E+09 0.000000E+00 0.000000E+00
0.000000E+00 0.000000E+00 0.000000E+00 0.000000E+00 4.233000E+09 0.000000E+00
0.000000E+00 0.000000E+00 0.000000E+00 0.000000E+00 0.000000E+00 5.261000E+07
 
2.058000E+02 0.000000E+00 0.000000E+00 0.000000E+00 0.000000E+00 -2.169132E+02
0.000000E+00 2.058000E+02 0.000000E+00 0.000000E+00 0.000000E+00 3.498600E+00
0.000000E+00 0.000000E+00 2.058000E+02 2.169132E+02 -3.498600E+00 0.000000E+00
0.000000E+00 0.000000E+00 2.169132E+02 3.673000E+02 0.000000E+00 0.000000E+00
0.000000E+00 0.000000E+00 -3.498600E+00 0.000000E+00 4.166000E+01 0.000000E+00
-2.169132E+02 3.498600E+00 0.000000E+00 0.000000E+00 0.000000E+00 4.089600E+02
 
4.600000E-01
0.000000E+00 0.000000E+00 0.000000E+00 0.000000E+00 0.000000E+00 0.000000E+00
0.000000E+00 0.000000E+00 0.000000E+00 0.000000E+00 0.000000E+00 0.000000E+00
0.000000E+00 0.000000E+00 4.111000E+09 0.000000E+00 0.000000E+00 0.000000E+00
0.000000E+00 0.000000E+00 0.000000E+00 1.482000E+09 0.000000E+00 0.000000E+00
0.000000E+00 0.000000E+00 0.000000E+00 0.000000E+00 3.905000E+09 0.000000E+00
0.000000E+00 0.000000E+00 0.000000E+00 0.000000E+00 0.000000E+00 4.654000E+07
 
1.998000E+02 0.000000E+00 0.000000E+00 0.000000E+00 0.000000E+00 -2.061936E+02
0.000000E+00 1.998000E+02 0.000000E+00 0.000000E+00 0.000000E+00 3.396600E+00
0.000000E+00 0.000000E+00 1.998000E+02 2.061936E+02 -3.396600E+00 0.000000E+00
0.000000E+00 0.000000E+00 2.061936E+02 3.385000E+02 0.000000E+00 0.000000E+00
0.000000E+00 0.000000E+00 -3.396600E+00 0.000000E+00 3.711000E+01 0.000000E+00
-2.061936E+02 3.396600E+00 0.000000E+00 0.000000E+00 0.000000E+00 3.756100E+02
 
4.800000E-01
0.000000E+00 0.000000E+00 0.000000E+00 0.000000E+00 0.000000E+00 0.000000E+00
0.000000E+00 0.000000E+00 0.000000E+00 0.000000E+00 0.000000E+00 0.000000E+00
0.000000E+00 0.000000E+00 4.049000E+09 0.000000E+00 0.000000E+00 0.000000E+00
0.000000E+00 0.000000E+00 0.000000E+00 1.329000E+09 0.000000E+00 0.000000E+00
0.000000E+00 0.000000E+00 0.000000E+00 0.000000E+00 3.575000E+09 0.000000E+00
0.000000E+00 0.000000E+00 0.000000E+00 0.000000E+00 0.000000E+00 4.094000E+07
 
1.926000E+02 0.000000E+00 0.000000E+00 0.000000E+00 0.000000E+00 -1.933704E+02
0.000000E+00 1.926000E+02 0.000000E+00 0.000000E+00 0.000000E+00 3.274200E+00
0.000000E+00 0.000000E+00 1.926000E+02 1.933704E+02 -3.274200E+00 0.000000E+00
0.000000E+00 0.000000E+00 1.933704E+02 3.100000E+02 0.000000E+00 0.000000E+00
0.000000E+00 0.000000E+00 -3.274200E+00 0.000000E+00 3.282000E+01 0.000000E+00
-1.933704E+02 3.274200E+00 0.000000E+00 0.000000E+00 0.000000E+00 3.428200E+02
 
5.000000E-01
0.000000E+00 0.000000E+00 0.000000E+00 0.000000E+00 0.000000E+00 0.000000E+00
0.000000E+00 0.000000E+00 0.000000E+00 0.000000E+00 0.000000E+00 0.000000E+00
0.000000E+00 0.000000E+00 3.993000E+09 0.000000E+00 0.000000E+00 0.000000E+00
0.000000E+00 0.000000E+00 0.000000E+00 1.189000E+09 0.000000E+00 0.000000E+00
0.000000E+00 0.000000E+00 0.000000E+00 0.000000E+00 3.292000E+09 0.000000E+00
0.000000E+00 0.000000E+00 0.000000E+00 0.000000E+00 0.000000E+00 3.592000E+07
 
1.867000E+02 0.000000E+00 0.000000E+00 0.000000E+00 0.000000E+00 -1.831527E+02
0.000000E+00 1.867000E+02 0.000000E+00 0.000000E+00 0.000000E+00 3.360600E+00
0.000000E+00 0.000000E+00 1.867000E+02 1.831527E+02 -3.360600E+00 0.000000E+00
0.000000E+00 0.000000E+00 1.831527E+02 2.855000E+02 0.000000E+00 0.000000E+00
0.000000E+00 0.000000E+00 -3.360600E+00 0.000000E+00 2.896000E+01 0.000000E+00
-1.831527E+02 3.360600E+00 0.000000E+00 0.000000E+00 0.000000E+00 3.144600E+02
 
5.200000E-01
0.000000E+00 0.000000E+00 0.000000E+00 0.000000E+00 0.000000E+00 0.000000E+00
0.000000E+00 0.000000E+00 0.000000E+00 0.000000E+00 0.000000E+00 0.000000E+00
0.000000E+00 0.000000E+00 3.931000E+09 0.000000E+00 0.000000E+00 0.000000E+00
0.000000E+00 0.000000E+00 0.000000E+00 1.063000E+09 0.000000E+00 0.000000E+00
0.000000E+00 0.000000E+00 0.000000E+00 0.000000E+00 3.029000E+09 0.000000E+00
0.000000E+00 0.000000E+00 0.000000E+00 0.000000E+00 0.000000E+00 3.156000E+07
 
1.809000E+02 0.000000E+00 0.000000E+00 0.000000E+00 0.000000E+00 -1.734831E+02
0.000000E+00 1.809000E+02 0.000000E+00 0.000000E+00 0.000000E+00 3.437100E+00
0.000000E+00 0.000000E+00 1.809000E+02 1.734831E+02 -3.437100E+00 0.000000E+00
0.000000E+00 0.000000E+00 1.734831E+02 2.630000E+02 0.000000E+00 0.000000E+00
0.000000E+00 0.000000E+00 -3.437100E+00 0.000000E+00 2.556000E+01 0.000000E+00
-1.734831E+02 3.437100E+00 0.000000E+00 0.000000E+00 0.000000E+00 2.885600E+02
 
5.400000E-01
0.000000E+00 0.000000E+00 0.000000E+00 0.000000E+00 0.000000E+00 0.000000E+00
0.000000E+00 0.000000E+00 0.000000E+00 0.000000E+00 0.000000E+00 0.000000E+00
0.000000E+00 0.000000E+00 3.851000E+09 0.000000E+00 0.000000E+00 0.000000E+00
0.000000E+00 0.000000E+00 0.000000E+00 9.526000E+08 0.000000E+00 0.000000E+00
0.000000E+00 0.000000E+00 0.000000E+00 0.000000E+00 2.745000E+09 0.000000E+00
0.000000E+00 0.000000E+00 0.000000E+00 0.000000E+00 0.000000E+00 2.685000E+07
 
1.613000E+02 0.000000E+00 0.000000E+00 0.000000E+00 0.000000E+00 -1.490412E+02
0.000000E+00 1.613000E+02 0.000000E+00 0.000000E+00 0.000000E+00 3.226000E+00
0.000000E+00 0.000000E+00 1.613000E+02 1.490412E+02 -3.226000E+00 0.000000E+00
0.000000E+00 0.000000E+00 1.490412E+02 2.243000E+02 0.000000E+00 0.000000E+00
0.000000E+00 0.000000E+00 -3.226000E+00 0.000000E+00 2.154000E+01 0.000000E+00
-1.490412E+02 3.226000E+00 0.000000E+00 0.000000E+00 0.000000E+00 2.458400E+02
 
5.600000E-01
0.000000E+00 0.000000E+00 0.000000E+00 0.000000E+00 0.000000E+00 0.000000E+00
0.000000E+00 0.000000E+00 0.000000E+00 0.000000E+00 0.000000E+00 0.000000E+00
0.000000E+00 0.000000E+00 3.785000E+09 0.000000E+00 0.000000E+00 0.000000E+00
0.000000E+00 0.000000E+00 0.000000E+00 8.555000E+08 0.000000E+00 0.000000E+00
0.000000E+00 0.000000E+00 0.000000E+00 0.000000E+00 2.518000E+09 0.000000E+00
0.000000E+00 0.000000E+00 0.000000E+00 0.000000E+00 0.000000E+00 2.378000E+07
 
1.564000E+02 0.000000E+00 0.000000E+00 0.000000E+00 0.000000E+00 -1.410728E+02
0.000000E+00 1.564000E+02 0.000000E+00 0.000000E+00 0.000000E+00 3.284400E+00
0.000000E+00 0.000000E+00 1.564000E+02 1.410728E+02 -3.284400E+00 0.000000E+00
0.000000E+00 0.000000E+00 1.410728E+02 2.069000E+02 0.000000E+00 0.000000E+00
0.000000E+00 0.000000E+00 -3.284400E+00 0.000000E+00 1.915000E+01 0.000000E+00
-1.410728E+02 3.284400E+00 0.000000E+00 0.000000E+00 0.000000E+00 2.260500E+02
 
5.800000E-01
0.000000E+00 0.000000E+00 0.000000E+00 0.000000E+00 0.000000E+00 0.000000E+00
0.000000E+00 0.000000E+00 0.000000E+00 0.000000E+00 0.000000E+00 0.000000E+00
0.000000E+00 0.000000E+00 3.709000E+09 0.000000E+00 0.000000E+00 0.000000E+00
0.000000E+00 0.000000E+00 0.000000E+00 7.670000E+08 0.000000E+00 0.000000E+00
0.000000E+00 0.000000E+00 0.000000E+00 0.000000E+00 2.199000E+09 0.000000E+00
0.000000E+00 0.000000E+00 0.000000E+00 0.000000E+00 0.000000E+00 2.107000E+07
 
1.509000E+02 0.000000E+00 0.000000E+00 0.000000E+00 0.000000E+00 -1.253979E+02
0.000000E+00 1.509000E+02 0.000000E+00 0.000000E+00 0.000000E+00 3.470700E+00
0.000000E+00 0.000000E+00 1.509000E+02 1.253979E+02 -3.470700E+00 0.000000E+00
0.000000E+00 0.000000E+00 1.253979E+02 1.876000E+02 0.000000E+00 0.000000E+00
0.000000E+00 0.000000E+00 -3.470700E+00 0.000000E+00 1.702000E+01 0.000000E+00
-1.253979E+02 3.470700E+00 0.000000E+00 0.000000E+00 0.000000E+00 2.046200E+02
 
6.000000E-01
0.000000E+00 0.000000E+00 0.000000E+00 0.000000E+00 0.000000E+00 0.000000E+00
0.000000E+00 0.000000E+00 0.000000E+00 0.000000E+00 0.000000E+00 0.000000E+00
0.000000E+00 0.000000E+00 3.630000E+09 0.000000E+00 0.000000E+00 0.000000E+00
0.000000E+00 0.000000E+00 0.000000E+00 6.873000E+08 0.000000E+00 0.000000E+00
0.000000E+00 0.000000E+00 0.000000E+00 0.000000E+00 2.018000E+09 0.000000E+00
0.000000E+00 0.000000E+00 0.000000E+00 0.000000E+00 0.000000E+00 1.868000E+07
 
1.463000E+02 0.000000E+00 0.000000E+00 0.000000E+00 0.000000E+00 -1.185030E+02
0.000000E+00 1.463000E+02 0.000000E+00 0.000000E+00 0.000000E+00 3.657500E+00
0.000000E+00 0.000000E+00 1.463000E+02 1.185030E+02 -3.657500E+00 0.000000E+00
0.000000E+00 0.000000E+00 1.185030E+02 1.731000E+02 0.000000E+00 0.000000E+00
0.000000E+00 0.000000E+00 -3.657500E+00 0.000000E+00 1.513000E+01 0.000000E+00
-1.185030E+02 3.657500E+00 0.000000E+00 0.000000E+00 0.000000E+00 1.882300E+02
 
6.200000E-01
0.000000E+00 0.000000E+00 0.000000E+00 0.000000E+00 0.000000E+00 0.000000E+00
0.000000E+00 0.000000E+00 0.000000E+00 0.000000E+00 0.000000E+00 0.000000E+00
0.000000E+00 0.000000E+00 3.547000E+09 0.000000E+00 0.000000E+00 0.000000E+00
0.000000E+00 0.000000E+00 0.000000E+00 6.158000E+08 0.000000E+00 0.000000E+00
0.000000E+00 0.000000E+00 0.000000E+00 0.000000E+00 1.853000E+09 0.000000E+00
0.000000E+00 0.000000E+00 0.000000E+00 0.000000E+00 0.000000E+00 1.661000E+07
 
1.412000E+02 0.000000E+00 0.000000E+00 0.000000E+00 0.000000E+00 -1.107008E+02
0.000000E+00 1.412000E+02 0.000000E+00 0.000000E+00 0.000000E+00 3.812400E+00
0.000000E+00 0.000000E+00 1.412000E+02 1.107008E+02 -3.812400E+00 0.000000E+00
0.000000E+00 0.000000E+00 1.107008E+02 1.588000E+02 0.000000E+00 0.000000E+00
0.000000E+00 0.000000E+00 -3.812400E+00 0.000000E+00 1.346000E+01 0.000000E+00
-1.107008E+02 3.812400E+00 0.000000E+00 0.000000E+00 0.000000E+00 1.722600E+02
 
6.400000E-01
0.000000E+00 0.000000E+00 0.000000E+00 0.000000E+00 0.000000E+00 0.000000E+00
0.000000E+00 0.000000E+00 0.000000E+00 0.000000E+00 0.000000E+00 0.000000E+00
0.000000E+00 0.000000E+00 3.457000E+09 0.000000E+00 0.000000E+00 0.000000E+00
0.000000E+00 0.000000E+00 0.000000E+00 5.523000E+08 0.000000E+00 0.000000E+00
0.000000E+00 0.000000E+00 0.000000E+00 0.000000E+00 1.696000E+09 0.000000E+00
0.000000E+00 0.000000E+00 0.000000E+00 0.000000E+00 0.000000E+00 1.480000E+07
 
1.362000E+02 0.000000E+00 0.000000E+00 0.000000E+00 0.000000E+00 -1.033758E+02
0.000000E+00 1.362000E+02 0.000000E+00 0.000000E+00 0.000000E+00 3.949800E+00
0.000000E+00 0.000000E+00 1.362000E+02 1.033758E+02 -3.949800E+00 0.000000E+00
0.000000E+00 0.000000E+00 1.033758E+02 1.453000E+02 0.000000E+00 0.000000E+00
0.000000E+00 0.000000E+00 -3.949800E+00 0.000000E+00 1.200000E+01 0.000000E+00
-1.033758E+02 3.949800E+00 0.000000E+00 0.000000E+00 0.000000E+00 1.573000E+02
 
6.600000E-01
0.000000E+00 0.000000E+00 0.000000E+00 0.000000E+00 0.000000E+00 0.000000E+00
0.000000E+00 0.000000E+00 0.000000E+00 0.000000E+00 0.000000E+00 0.000000E+00
0.000000E+00 0.000000E+00 3.362000E+09 0.000000E+00 0.000000E+00 0.000000E+00
0.000000E+00 0.000000E+00 0.000000E+00 4.966000E+08 0.000000E+00 0.000000E+00
0.000000E+00 0.000000E+00 0.000000E+00 0.000000E+00 1.556000E+09 0.000000E+00
0.000000E+00 0.000000E+00 0.000000E+00 0.000000E+00 0.000000E+00 1.323000E+07
 
1.319000E+02 0.000000E+00 0.000000E+00 0.000000E+00 0.000000E+00 -9.760600E+01
0.000000E+00 1.319000E+02 0.000000E+00 0.000000E+00 0.000000E+00 4.088900E+00
0.000000E+00 0.000000E+00 1.319000E+02 9.760600E+01 -4.088900E+00 0.000000E+00
0.000000E+00 0.000000E+00 9.760600E+01 1.336000E+02 0.000000E+00 0.000000E+00
0.000000E+00 0.000000E+00 -4.088900E+00 0.000000E+00 1.073000E+01 0.000000E+00
-9.760600E+01 4.088900E+00 0.000000E+00 0.000000E+00 0.000000E+00 1.443300E+02
 
6.800000E-01
0.000000E+00 0.000000E+00 0.000000E+00 0.000000E+00 0.000000E+00 0.000000E+00
0.000000E+00 0.000000E+00 0.000000E+00 0.000000E+00 0.000000E+00 0.000000E+00
0.000000E+00 0.000000E+00 3.259000E+09 0.000000E+00 0.000000E+00 0.000000E+00
0.000000E+00 0.000000E+00 0.000000E+00 4.488000E+08 0.000000E+00 0.000000E+00
0.000000E+00 0.000000E+00 0.000000E+00 0.000000E+00 1.421000E+09 0.000000E+00
0.000000E+00 0.000000E+00 0.000000E+00 0.000000E+00 0.000000E+00 1.190000E+07
 
1.271000E+02 0.000000E+00 0.000000E+00 0.000000E+00 0.000000E+00 -9.113070E+01
0.000000E+00 1.271000E+02 0.000000E+00 0.000000E+00 0.000000E+00 4.194300E+00
0.000000E+00 0.000000E+00 1.271000E+02 9.113070E+01 -4.194300E+00 0.000000E+00
0.000000E+00 0.000000E+00 9.113070E+01 1.226000E+02 0.000000E+00 0.000000E+00
0.000000E+00 0.000000E+00 -4.194300E+00 0.000000E+00 9.656000E+00 0.000000E+00
-9.113070E+01 4.194300E+00 0.000000E+00 0.000000E+00 0.000000E+00 1.322560E+02
 
7.000000E-01
0.000000E+00 0.000000E+00 0.000000E+00 0.000000E+00 0.000000E+00 0.000000E+00
0.000000E+00 0.000000E+00 0.000000E+00 0.000000E+00 0.000000E+00 0.000000E+00
0.000000E+00 0.000000E+00 3.138000E+09 0.000000E+00 0.000000E+00 0.000000E+00
0.000000E+00 0.000000E+00 0.000000E+00 4.046000E+08 0.000000E+00 0.000000E+00
0.000000E+00 0.000000E+00 0.000000E+00 0.000000E+00 1.283000E+09 0.000000E+00
0.000000E+00 0.000000E+00 0.000000E+00 0.000000E+00 0.000000E+00 1.038000E+07
 
1.122000E+02 0.000000E+00 0.000000E+00 0.000000E+00 0.000000E+00 -7.685700E+01
0.000000E+00 1.122000E+02 0.000000E+00 0.000000E+00 0.000000E+00 3.927000E+00
0.000000E+00 0.000000E+00 1.122000E+02 7.685700E+01 -3.927000E+00 0.000000E+00
0.000000E+00 0.000000E+00 7.685700E+01 1.032000E+02 0.000000E+00 0.000000E+00
0.000000E+00 0.000000E+00 -3.927000E+00 0.000000E+00 8.280000E+00 0.000000E+00
-7.685700E+01 3.927000E+00 0.000000E+00 0.000000E+00 0.000000E+00 1.114800E+02
 
7.200000E-01
0.000000E+00 0.000000E+00 0.000000E+00 0.000000E+00 0.000000E+00 0.000000E+00
0.000000E+00 0.000000E+00 0.000000E+00 0.000000E+00 0.000000E+00 0.000000E+00
0.000000E+00 0.000000E+00 3.016000E+09 0.000000E+00 0.000000E+00 0.000000E+00
0.000000E+00 0.000000E+00 0.000000E+00 3.632000E+08 0.000000E+00 0.000000E+00
0.000000E+00 0.000000E+00 0.000000E+00 0.000000E+00 1.158000E+09 0.000000E+00
0.000000E+00 0.000000E+00 0.000000E+00 0.000000E+00 0.000000E+00 9.313000E+06
 
1.076000E+02 0.000000E+00 0.000000E+00 0.000000E+00 0.000000E+00 -7.123120E+01
0.000000E+00 1.076000E+02 0.000000E+00 0.000000E+00 0.000000E+00 3.981200E+00
0.000000E+00 0.000000E+00 1.076000E+02 7.123120E+01 -3.981200E+00 0.000000E+00
0.000000E+00 0.000000E+00 7.123120E+01 9.374000E+01 0.000000E+00 0.000000E+00
0.000000E+00 0.000000E+00 -3.981200E+00 0.000000E+00 7.425000E+00 0.000000E+00
-7.123120E+01 3.981200E+00 0.000000E+00 0.000000E+00 0.000000E+00 1.011650E+02
 
7.400000E-01
0.000000E+00 0.000000E+00 0.000000E+00 0.000000E+00 0.000000E+00 0.000000E+00
0.000000E+00 0.000000E+00 0.000000E+00 0.000000E+00 0.000000E+00 0.000000E+00
0.000000E+00 0.000000E+00 2.889000E+09 0.000000E+00 0.000000E+00 0.000000E+00
0.000000E+00 0.000000E+00 0.000000E+00 3.225000E+08 0.000000E+00 0.000000E+00
0.000000E+00 0.000000E+00 0.000000E+00 0.000000E+00 1.031000E+09 0.000000E+00
0.000000E+00 0.000000E+00 0.000000E+00 0.000000E+00 0.000000E+00 8.286000E+06
 
1.029000E+02 0.000000E+00 0.000000E+00 0.000000E+00 0.000000E+00 -6.554730E+01
0.000000E+00 1.029000E+02 0.000000E+00 0.000000E+00 0.000000E+00 3.910200E+00
0.000000E+00 0.000000E+00 1.029000E+02 6.554730E+01 -3.910200E+00 0.000000E+00
0.000000E+00 0.000000E+00 6.554730E+01 8.429000E+01 0.000000E+00 0.000000E+00
0.000000E+00 0.000000E+00 -3.910200E+00 0.000000E+00 6.587000E+00 0.000000E+00
-6.554730E+01 3.910200E+00 0.000000E+00 0.000000E+00 0.000000E+00 9.087700E+01
 
7.600000E-01
0.000000E+00 0.000000E+00 0.000000E+00 0.000000E+00 0.000000E+00 0.000000E+00
0.000000E+00 0.000000E+00 0.000000E+00 0.000000E+00 0.000000E+00 0.000000E+00
0.000000E+00 0.000000E+00 2.745000E+09 0.000000E+00 0.000000E+00 0.000000E+00
0.000000E+00 0.000000E+00 0.000000E+00 2.810000E+08 0.000000E+00 0.000000E+00
0.000000E+00 0.000000E+00 0.000000E+00 0.000000E+00 8.967000E+08 0.000000E+00
0.000000E+00 0.000000E+00 0.000000E+00 0.000000E+00 0.000000E+00 7.259000E+06
 
9.778000E+01 0.000000E+00 0.000000E+00 0.000000E+00 0.000000E+00 -5.964580E+01
0.000000E+00 9.778000E+01 0.000000E+00 0.000000E+00 0.000000E+00 3.715640E+00
0.000000E+00 0.000000E+00 9.778000E+01 5.964580E+01 -3.715640E+00 0.000000E+00
0.000000E+00 0.000000E+00 5.964580E+01 7.442000E+01 0.000000E+00 0.000000E+00
0.000000E+00 0.000000E+00 -3.715640E+00 0.000000E+00 5.741000E+00 0.000000E+00
-5.964580E+01 3.715640E+00 0.000000E+00 0.000000E+00 0.000000E+00 8.016100E+01
 
7.800000E-01
0.000000E+00 0.000000E+00 0.000000E+00 0.000000E+00 0.000000E+00 0.000000E+00
0.000000E+00 0.000000E+00 0.000000E+00 0.000000E+00 0.000000E+00 0.000000E+00
0.000000E+00 0.000000E+00 2.591000E+09 0.000000E+00 0.000000E+00 0.000000E+00
0.000000E+00 0.000000E+00 0.000000E+00 2.417000E+08 0.000000E+00 0.000000E+00
0.000000E+00 0.000000E+00 0.000000E+00 0.000000E+00 7.632000E+08 0.000000E+00
0.000000E+00 0.000000E+00 0.000000E+00 0.000000E+00 0.000000E+00 6.291000E+06
 
9.235000E+01 0.000000E+00 0.000000E+00 0.000000E+00 0.000000E+00 -5.347065E+01
0.000000E+00 9.235000E+01 0.000000E+00 0.000000E+00 0.000000E+00 3.324600E+00
0.000000E+00 0.000000E+00 9.235000E+01 5.347065E+01 -3.324600E+00 0.000000E+00
0.000000E+00 0.000000E+00 5.347065E+01 6.438000E+01 0.000000E+00 0.000000E+00
0.000000E+00 0.000000E+00 -3.324600E+00 0.000000E+00 4.942000E+00 0.000000E+00
-5.347065E+01 3.324600E+00 0.000000E+00 0.000000E+00 0.000000E+00 6.932200E+01
 
8.000000E-01
0.000000E+00 0.000000E+00 0.000000E+00 0.000000E+00 0.000000E+00 0.000000E+00
0.000000E+00 0.000000E+00 0.000000E+00 0.000000E+00 0.000000E+00 0.000000E+00
0.000000E+00 0.000000E+00 2.415000E+09 0.000000E+00 0.000000E+00 0.000000E+00
0.000000E+00 0.000000E+00 0.000000E+00 2.054000E+08 0.000000E+00 0.000000E+00
0.000000E+00 0.000000E+00 0.000000E+00 0.000000E+00 6.240000E+08 0.000000E+00
0.000000E+00 0.000000E+00 0.000000E+00 0.000000E+00 0.000000E+00 5.252000E+06
 
7.823000E+01 0.000000E+00 0.000000E+00 0.000000E+00 0.000000E+00 -4.138367E+01
0.000000E+00 7.823000E+01 0.000000E+00 0.000000E+00 0.000000E+00 2.659820E+00
0.000000E+00 0.000000E+00 7.823000E+01 4.138367E+01 -2.659820E+00 0.000000E+00
0.000000E+00 0.000000E+00 4.138367E+01 4.921000E+01 0.000000E+00 0.000000E+00
0.000000E+00 0.000000E+00 -2.659820E+00 0.000000E+00 4.000000E+00 0.000000E+00
-4.138367E+01 2.659820E+00 0.000000E+00 0.000000E+00 0.000000E+00 5.321000E+01
 
8.200000E-01
0.000000E+00 0.000000E+00 0.000000E+00 0.000000E+00 0.000000E+00 0.000000E+00
0.000000E+00 0.000000E+00 0.000000E+00 0.000000E+00 0.000000E+00 0.000000E+00
0.000000E+00 0.000000E+00 2.241000E+09 0.000000E+00 0.000000E+00 0.000000E+00
0.000000E+00 0.000000E+00 0.000000E+00 1.705000E+08 0.000000E+00 0.000000E+00
0.000000E+00 0.000000E+00 0.000000E+00 0.000000E+00 4.993000E+08 0.000000E+00
0.000000E+00 0.000000E+00 0.000000E+00 0.000000E+00 0.000000E+00 4.385000E+06
 
7.250000E+01 0.000000E+00 0.000000E+00 0.000000E+00 0.000000E+00 -3.567000E+01
0.000000E+00 7.250000E+01 0.000000E+00 0.000000E+00 0.000000E+00 2.392500E+00
0.000000E+00 0.000000E+00 7.250000E+01 3.567000E+01 -2.392500E+00 0.000000E+00
0.000000E+00 0.000000E+00 3.567000E+01 4.024000E+01 0.000000E+00 0.000000E+00
0.000000E+00 0.000000E+00 -2.392500E+00 0.000000E+00 3.317000E+00 0.000000E+00
-3.567000E+01 2.392500E+00 0.000000E+00 0.000000E+00 0.000000E+00 4.355700E+01
 
8.400000E-01
0.000000E+00 0.000000E+00 0.000000E+00 0.000000E+00 0.000000E+00 0.000000E+00
0.000000E+00 0.000000E+00 0.000000E+00 0.000000E+00 0.000000E+00 0.000000E+00
0.000000E+00 0.000000E+00 2.048000E+09 0.000000E+00 0.000000E+00 0.000000E+00
0.000000E+00 0.000000E+00 0.000000E+00 1.365000E+08 0.000000E+00 0.000000E+00
0.000000E+00 0.000000E+00 0.000000E+00 0.000000E+00 3.824000E+08 0.000000E+00
0.000000E+00 0.000000E+00 0.000000E+00 0.000000E+00 0.000000E+00 3.541000E+06
 
6.591000E+01 0.000000E+00 0.000000E+00 0.000000E+00 0.000000E+00 -2.946177E+01
0.000000E+00 6.591000E+01 0.000000E+00 0.000000E+00 0.000000E+00 2.043210E+00
0.000000E+00 0.000000E+00 6.591000E+01 2.946177E+01 -2.043210E+00 0.000000E+00
0.000000E+00 0.000000E+00 2.946177E+01 3.145000E+01 0.000000E+00 0.000000E+00
0.000000E+00 0.000000E+00 -2.043210E+00 0.000000E+00 2.655000E+00 0.000000E+00
-2.946177E+01 2.043210E+00 0.000000E+00 0.000000E+00 0.000000E+00 3.410500E+01
 
8.600000E-01
0.000000E+00 0.000000E+00 0.000000E+00 0.000000E+00 0.000000E+00 0.000000E+00
0.000000E+00 0.000000E+00 0.000000E+00 0.000000E+00 0.000000E+00 0.000000E+00
0.000000E+00 0.000000E+00 1.845000E+09 0.000000E+00 0.000000E+00 0.000000E+00
0.000000E+00 0.000000E+00 0.000000E+00 1.049000E+08 0.000000E+00 0.000000E+00
0.000000E+00 0.000000E+00 0.000000E+00 0.000000E+00 2.858000E+08 0.000000E+00
0.000000E+00 0.000000E+00 0.000000E+00 0.000000E+00 0.000000E+00 2.759000E+06
 
5.951000E+01 0.000000E+00 0.000000E+00 0.000000E+00 0.000000E+00 -2.410155E+01
0.000000E+00 5.951000E+01 0.000000E+00 0.000000E+00 0.000000E+00 1.666280E+00
0.000000E+00 0.000000E+00 5.951000E+01 2.410155E+01 -1.666280E+00 0.000000E+00
0.000000E+00 0.000000E+00 2.410155E+01 2.390000E+01 0.000000E+00 0.000000E+00
0.000000E+00 0.000000E+00 -1.666280E+00 0.000000E+00 2.039000E+00 0.000000E+00
-2.410155E+01 1.666280E+00 0.000000E+00 0.000000E+00 0.000000E+00 2.593900E+01
 
8.800000E-01
0.000000E+00 0.000000E+00 0.000000E+00 0.000000E+00 0.000000E+00 0.000000E+00
0.000000E+00 0.000000E+00 0.000000E+00 0.000000E+00 0.000000E+00 0.000000E+00
0.000000E+00 0.000000E+00 1.630000E+09 0.000000E+00 0.000000E+00 0.000000E+00
0.000000E+00 0.000000E+00 0.000000E+00 7.698000E+07 0.000000E+00 0.000000E+00
0.000000E+00 0.000000E+00 0.000000E+00 0.000000E+00 2.059000E+08 0.000000E+00
0.000000E+00 0.000000E+00 0.000000E+00 0.000000E+00 0.000000E+00 2.018000E+06
 
4.704000E+01 0.000000E+00 0.000000E+00 0.000000E+00 0.000000E+00 -1.632288E+01
0.000000E+00 4.704000E+01 0.000000E+00 0.000000E+00 0.000000E+00 1.176000E+00
0.000000E+00 0.000000E+00 4.704000E+01 1.632288E+01 -1.176000E+00 0.000000E+00
0.000000E+00 0.000000E+00 1.632288E+01 1.555000E+01 0.000000E+00 0.000000E+00
0.000000E+00 0.000000E+00 -1.176000E+00 0.000000E+00 1.422000E+00 0.000000E+00
-1.632288E+01 1.176000E+00 0.000000E+00 0.000000E+00 0.000000E+00 1.697200E+01
 
9.000000E-01
0.000000E+00 0.000000E+00 0.000000E+00 0.000000E+00 0.000000E+00 0.000000E+00
0.000000E+00 0.000000E+00 0.000000E+00 0.000000E+00 0.000000E+00 0.000000E+00
0.000000E+00 0.000000E+00 1.406000E+09 0.000000E+00 0.000000E+00 0.000000E+00
0.000000E+00 0.000000E+00 0.000000E+00 5.285000E+07 0.000000E+00 0.000000E+00
0.000000E+00 0.000000E+00 0.000000E+00 0.000000E+00 1.402000E+08 0.000000E+00
0.000000E+00 0.000000E+00 0.000000E+00 0.000000E+00 0.000000E+00 1.425000E+06
 
4.109000E+01 0.000000E+00 0.000000E+00 0.000000E+00 0.000000E+00 -1.269681E+01
0.000000E+00 4.109000E+01 0.000000E+00 0.000000E+00 0.000000E+00 9.450700E-01
0.000000E+00 0.000000E+00 4.109000E+01 1.269681E+01 -9.450700E-01 0.000000E+00
0.000000E+00 0.000000E+00 1.269681E+01 1.072000E+01 0.000000E+00 0.000000E+00
0.000000E+00 0.000000E+00 -9.450700E-01 0.000000E+00 9.787000E-01 0.000000E+00
-1.269681E+01 9.450700E-01 0.000000E+00 0.000000E+00 0.000000E+00 1.169870E+01
 
9.200000E-01
0.000000E+00 0.000000E+00 0.000000E+00 0.000000E+00 0.000000E+00 0.000000E+00
0.000000E+00 0.000000E+00 0.000000E+00 0.000000E+00 0.000000E+00 0.000000E+00
0.000000E+00 0.000000E+00 1.165000E+09 0.000000E+00 0.000000E+00 0.000000E+00
0.000000E+00 0.000000E+00 0.000000E+00 3.340000E+07 0.000000E+00 0.000000E+00
0.000000E+00 0.000000E+00 0.000000E+00 0.000000E+00 8.541000E+07 0.000000E+00
0.000000E+00 0.000000E+00 0.000000E+00 0.000000E+00 0.000000E+00 9.407000E+05
 
3.423000E+01 0.000000E+00 0.000000E+00 0.000000E+00 0.000000E+00 -8.797110E+00
0.000000E+00 3.423000E+01 0.000000E+00 0.000000E+00 0.000000E+00 6.846000E-01
0.000000E+00 0.000000E+00 3.423000E+01 8.797110E+00 -6.846000E-01 0.000000E+00
0.000000E+00 0.000000E+00 8.797110E+00 6.539000E+00 0.000000E+00 0.000000E+00
0.000000E+00 0.000000E+00 -6.846000E-01 0.000000E+00 6.214000E-01 0.000000E+00
-8.797110E+00 6.846000E-01 0.000000E+00 0.000000E+00 0.000000E+00 7.160400E+00
 
9.400000E-01
0.000000E+00 0.000000E+00 0.000000E+00 0.000000E+00 0.000000E+00 0.000000E+00
0.000000E+00 0.000000E+00 0.000000E+00 0.000000E+00 0.000000E+00 0.000000E+00
0.000000E+00 0.000000E+00 9.094000E+08 0.000000E+00 0.000000E+00 0.000000E+00
0.000000E+00 0.000000E+00 0.000000E+00 1.865000E+07 0.000000E+00 0.000000E+00
0.000000E+00 0.000000E+00 0.000000E+00 0.000000E+00 4.672000E+07 0.000000E+00
0.000000E+00 0.000000E+00 0.000000E+00 0.000000E+00 0.000000E+00 5.622000E+05
 
2.496000E+01 0.000000E+00 0.000000E+00 0.000000E+00 0.000000E+00 -5.291520E+00
0.000000E+00 2.496000E+01 0.000000E+00 0.000000E+00 0.000000E+00 4.243200E-01
0.000000E+00 0.000000E+00 2.496000E+01 5.291520E+00 -4.243200E-01 0.000000E+00
0.000000E+00 0.000000E+00 5.291520E+00 3.393000E+00 0.000000E+00 0.000000E+00
0.000000E+00 0.000000E+00 -4.243200E-01 0.000000E+00 3.352000E-01 0.000000E+00
-5.291520E+00 4.243200E-01 0.000000E+00 0.000000E+00 0.000000E+00 3.728200E+00
 
9.600000E-01
0.000000E+00 0.000000E+00 0.000000E+00 0.000000E+00 0.000000E+00 0.000000E+00
0.000000E+00 0.000000E+00 0.000000E+00 0.000000E+00 0.000000E+00 0.000000E+00
0.000000E+00 0.000000E+00 6.386000E+08 0.000000E+00 0.000000E+00 0.000000E+00
0.000000E+00 0.000000E+00 0.000000E+00 8.513000E+06 0.000000E+00 0.000000E+00
0.000000E+00 0.000000E+00 0.000000E+00 0.000000E+00 2.111000E+07 0.000000E+00
0.000000E+00 0.000000E+00 0.000000E+00 0.000000E+00 0.000000E+00 2.955000E+05
 
1.868000E+01 0.000000E+00 0.000000E+00 0.000000E+00 0.000000E+00 -3.194280E+00
0.000000E+00 1.868000E+01 0.000000E+00 0.000000E+00 0.000000E+00 2.615200E-01
0.000000E+00 0.000000E+00 1.868000E+01 3.194280E+00 -2.615200E-01 0.000000E+00
0.000000E+00 0.000000E+00 3.194280E+00 1.618000E+00 0.000000E+00 0.000000E+00
0.000000E+00 0.000000E+00 -2.615200E-01 0.000000E+00 1.588000E-01 0.000000E+00
-3.194280E+00 2.615200E-01 0.000000E+00 0.000000E+00 0.000000E+00 1.776800E+00
 
9.800000E-01
0.000000E+00 0.000000E+00 0.000000E+00 0.000000E+00 0.000000E+00 0.000000E+00
0.000000E+00 0.000000E+00 0.000000E+00 0.000000E+00 0.000000E+00 0.000000E+00
0.000000E+00 0.000000E+00 3.525000E+08 0.000000E+00 0.000000E+00 0.000000E+00
0.000000E+00 0.000000E+00 0.000000E+00 2.609000E+06 0.000000E+00 0.000000E+00
0.000000E+00 0.000000E+00 0.000000E+00 0.000000E+00 6.665000E+06 0.000000E+00
0.000000E+00 0.000000E+00 0.000000E+00 0.000000E+00 0.000000E+00 1.280000E+05
 
1.088000E+01 0.000000E+00 0.000000E+00 0.000000E+00 0.000000E+00 -1.338240E+00
0.000000E+00 1.088000E+01 0.000000E+00 0.000000E+00 0.000000E+00 1.088000E-01
0.000000E+00 0.000000E+00 1.088000E+01 1.338240E+00 -1.088000E-01 0.000000E+00
0.000000E+00 0.000000E+00 1.338240E+00 5.345000E-01 0.000000E+00 0.000000E+00
0.000000E+00 0.000000E+00 -1.088000E-01 0.000000E+00 5.240000E-02 0.000000E+00
-1.338240E+00 1.088000E-01 0.000000E+00 0.000000E+00 0.000000E+00 5.869000E-01
 
1.000000E+00
0.000000E+00 0.000000E+00 0.000000E+00 0.000000E+00 0.000000E+00 0.000000E+00
0.000000E+00 0.000000E+00 0.000000E+00 0.000000E+00 0.000000E+00 0.000000E+00
0.000000E+00 0.000000E+00 3.386000E+08 0.000000E+00 0.000000E+00 0.000000E+00
0.000000E+00 0.000000E+00 0.000000E+00 9.283000E+05 0.000000E+00 0.000000E+00
0.000000E+00 0.000000E+00 0.000000E+00 0.000000E+00 2.389000E+06 0.000000E+00
0.000000E+00 0.000000E+00 0.000000E+00 0.000000E+00 0.000000E+00 3.667000E+04
 
8.270000E+00 0.000000E+00 0.000000E+00 0.000000E+00 0.000000E+00 -5.871700E-01
0.000000E+00 8.270000E+00 0.000000E+00 0.000000E+00 0.000000E+00 5.789000E-02
0.000000E+00 0.000000E+00 8.270000E+00 5.871700E-01 -5.789000E-02 0.000000E+00
0.000000E+00 0.000000E+00 5.871700E-01 1.564000E-01 0.000000E+00 0.000000E+00
0.000000E+00 0.000000E+00 -5.789000E-02 0.000000E+00 1.584000E-02 0.000000E+00
-5.871700E-01 5.789000E-02 0.000000E+00 0.000000E+00 0.000000E+00 1.722400E-01
 
