<reference>
Airfoil "Interp_089736" created on 26-Apr-2025 14:56:21 for blade project jamiesonsCaseTipDfl
</reference>
<coords>
 1.00000000000000  0.00000000000000
 1.00000000000000 -0.00502163521156
 0.99966642418512 -0.00455257090944
 0.99866614183178 -0.00438466276050
 0.99700048761997 -0.00410824682802
 0.99467168403756 -0.00372849297520
 0.99168283841473 -0.00325267674415
 0.98803793877796 -0.00269022968800
 0.98374184852871 -0.00205279736270
 0.97880029995420 -0.00135425946850
 0.97321988657880 -0.00061086589531
 0.96700805436627  0.00015877179806
 0.96017309178458  0.00093352624530
 0.95272411874657  0.00168978885825
 0.94467107444126  0.00240511634674
 0.93602470407190  0.00306373985331
 0.92679654451867  0.00365182275906
 0.91699890894494  0.00413276331178
 0.90664487036778  0.00444192601605
 0.89574824421463  0.00451804751752
 0.88432356988927  0.00432390088370
 0.87238609137189  0.00383420933136
 0.85995173687900  0.00304616833918
 0.84703709761032  0.00195841193648
 0.83365940561112  0.00056185045114
 0.81983651077945 -0.00116079564762
 0.80558685704892 -0.00324004594935
 0.79092945777898 -0.00573320116672
 0.77588387038522 -0.00867379911000
 0.76047017024397 -0.01206152158308
 0.74470892390554 -0.01589947462579
 0.72862116165232 -0.02017047332059
 0.71222834943791 -0.02484664376106
 0.69555236024508 -0.02990274496293
 0.67861544490057 -0.03530305966372
 0.66144020238572 -0.04099564296338
 0.64404954968262 -0.04692164836441
 0.62646669119584 -0.05301948813621
 0.60871508779078 -0.05921701663586
 0.59081842548972 -0.06543864838339
 0.57280058386750 -0.07161291943798
 0.55468560418894 -0.07766789024237
 0.53649765733045 -0.08353677041313
 0.51826101152883 -0.08915574693891
 0.50000000000000 -0.09446085209254
 0.48173898847117 -0.09939902337989
 0.46350234266955 -0.10394422946908
 0.44531439581106 -0.10806492301808
 0.42719941613250 -0.11174296533032
 0.40918157451028 -0.11507276741115
 0.39128491220922 -0.11789702898533
 0.37353330880416 -0.12024727672986
 0.35595045031738 -0.12214567551594
 0.33855979761428 -0.12359618902261
 0.32138455509943 -0.12463530630008
 0.30444763975492 -0.12525054489467
 0.28777165056209 -0.12548167428614
 0.27137883834768 -0.12533757729686
 0.25529107609446 -0.12483244105082
 0.23952982975603 -0.12397444721598
 0.22411612961478 -0.12277701637599
 0.20907054222102 -0.12126750553253
 0.19441314295108 -0.11922170758664
 0.18016348922055 -0.11639951352311
 0.16634059438888 -0.11324271867153
 0.15296290238968 -0.10973717019344
 0.14004826312100 -0.10590232925747
 0.12761390862811 -0.10176422022016
 0.11567643011073 -0.09735558113376
 0.10425175578537 -0.09270649706488
 0.09335512963222 -0.08783869712215
 0.08300109105506 -0.08278587699686
 0.07320345548133 -0.07757410940179
 0.06397529592810 -0.07225227242574
 0.05532892555874 -0.06684634708384
 0.04727588125343 -0.06137718883499
 0.03982690821542 -0.05586769297601
 0.03299194563373 -0.05038125906155
 0.02678011342120 -0.04497648953692
 0.02119970004580 -0.03962979216783
 0.01625815147129 -0.03431864836339
 0.01196206122204 -0.02906404669139
 0.00831716158527 -0.02409600008503
 0.00532831596244 -0.01917797774513
 0.00299951238003 -0.01410476031232
 0.00133385816822 -0.00882234742954
 0.00033357581488 -0.00335538215373
 0.00000000000000  0.00000000000000
 0.00033357581488  0.00367491162427
 0.00133385816822  0.01022503120594
 0.00299951238003  0.01648427530700
 0.00532831596244  0.02224031150295
 0.00831716158527  0.02793399689203
 0.01196206122204  0.03374676980524
 0.01625815147129  0.03951067930896
 0.02119970004580  0.04536761758553
 0.02678011342120  0.05134347059555
 0.03299194563373  0.05726463776051
 0.03982690821542  0.06308202433771
 0.04727588125343  0.06878700747522
 0.05532892555874  0.07438725320837
 0.06397529592810  0.07985299392474
 0.07320345548133  0.08514979156097
 0.08300109105506  0.09025787214595
 0.09335512963222  0.09516689012306
 0.10425175578537  0.09984209083931
 0.11567643011073  0.10427294301587
 0.12761390862811  0.10842087505122
 0.14004826312100  0.11227778050320
 0.15296290238968  0.11583160069288
 0.16634059438888  0.11906494540787
 0.18016348922055  0.12194405042350
 0.19441314295108  0.12451120404944
 0.20907054222102  0.12640977592468
 0.22411612961478  0.12782001902409
 0.23952982975603  0.12899216894068
 0.25529107609446  0.12990642204726
 0.27137883834768  0.13055936451057
 0.28777165056209  0.13094446673204
 0.30444763975492  0.13104331297512
 0.32138455509943  0.13082868201807
 0.33855979761428  0.13030494410996
 0.35595045031738  0.12946742929187
 0.37353330880416  0.12825911284191
 0.39128491220922  0.12671179420057
 0.40918157451028  0.12490175713397
 0.42719941613250  0.12282769724405
 0.44531439581106  0.12051220696119
 0.46350234266955  0.11796395624654
 0.48173898847117  0.11520989576934
 0.50000000000000  0.11226469292989
 0.51826101152883  0.10914531988275
 0.53649765733045  0.10587378705126
 0.55468560418894  0.10247276629685
 0.57280058386750  0.09895634694237
 0.59081842548972  0.09534569116606
 0.60871508779078  0.09165465349215
 0.62646669119584  0.08790400469534
 0.64404954968262  0.08410613284709
 0.66144020238572  0.08028171840030
 0.67861544490057  0.07645296574537
 0.69555236024508  0.07263388799327
 0.71222834943791  0.06884511274594
 0.72862116165232  0.06510135895640
 0.74470892390554  0.06141175136776
 0.76047017024397  0.05778867811208
 0.77588387038522  0.05425002200751
 0.79092945777898  0.05080294614024
 0.80558685704892  0.04745545228392
 0.81983651077945  0.04421686088717
 0.83365940561112  0.04109183962213
 0.84703709761032  0.03808491405182
 0.85995173687900  0.03520058474722
 0.87238609137189  0.03244251432334
 0.88432356988927  0.02981326430928
 0.89574824421463  0.02731444227922
 0.90664487036778  0.02495279281851
 0.91699890894494  0.02273788533838
 0.92679654451867  0.02066651799583
 0.93602470407190  0.01872699950245
 0.94467107444126  0.01691382399258
 0.95272411874657  0.01522877517086
 0.96017309178458  0.01367394544017
 0.96700805436627  0.01225083255874
 0.97321988657880  0.01096054816646
 0.97880029995420  0.00980402166466
 0.98374184852871  0.00878202537485
 0.98803793877796  0.00789519072164
 0.99168283841473  0.00714402767189
 0.99467168403756  0.00652894087742
 0.99700048761997  0.00605024008417
 0.99866614183178  0.00570815505630
 0.99966642418512  0.00550284302384
 1.00000000000000  0.00502163521156
</coords>