<reference>
Airfoil "Interp_065982" created on 26-Apr-2025 14:56:21 for blade project jamiesonsCaseTipDfl
</reference>
<coords>
 1.00000000000000  0.00000000000000
 1.00000000000000 -0.01009476735019
 0.99966642418512 -0.01012849048932
 0.99866614183178 -0.00990015400614
 0.99700048761997 -0.00952300720247
 0.99467168403756 -0.00900264653553
 0.99168283841473 -0.00834783052656
 0.98803793877796 -0.00757137126768
 0.98374184852871 -0.00669123061477
 0.97880029995420 -0.00573179410260
 0.97321988657880 -0.00472526374026
 0.96700805436627 -0.00371310403461
 0.96017309178458 -0.00274761837013
 0.95272411874657 -0.00189349120269
 0.94467107444126 -0.00121471464705
 0.93602470407190 -0.00072447445188
 0.92679654451867 -0.00040612314677
 0.91699890894494 -0.00024694710020
 0.90664487036778 -0.00027456369848
 0.89574824421463 -0.00052778533664
 0.88432356988927 -0.00107729974129
 0.87238609137189 -0.00200725502447
 0.85995173687900 -0.00333301769234
 0.84703709761032 -0.00503020004512
 0.83365940561112 -0.00711585550579
 0.81983651077945 -0.00962240080708
 0.80558685704892 -0.01257239653226
 0.79092945777898 -0.01599099650813
 0.77588387038522 -0.01990066734985
 0.76047017024397 -0.02427383305636
 0.74470892390554 -0.02908041740901
 0.72862116165232 -0.03431017264083
 0.71222834943791 -0.03994784834066
 0.69555236024508 -0.04595567280999
 0.67861544490057 -0.05227708118849
 0.66144020238572 -0.05884833507879
 0.64404954968262 -0.06560586673345
 0.62646669119584 -0.07248205466479
 0.60871508779078 -0.07939678061744
 0.59081842548972 -0.08627468301304
 0.57280058386750 -0.09304976613476
 0.55468560418894 -0.09964657332089
 0.53649765733045 -0.10600555195770
 0.51826101152883 -0.11207832663801
 0.50000000000000 -0.11781472558907
 0.48173898847117 -0.12317294306937
 0.46350234266955 -0.12811889512821
 0.44531439581106 -0.13263691496543
 0.42719941613250 -0.13670045502021
 0.40918157451028 -0.14029030901122
 0.39128491220922 -0.14340608621022
 0.37353330880416 -0.14602991441811
 0.35595045031738 -0.14816335239724
 0.33855979761428 -0.14980349525001
 0.32138455509943 -0.15095587514480
 0.30444763975492 -0.15163241119745
 0.28777165056209 -0.15181887125291
 0.27137883834768 -0.15197251016266
 0.25529107609446 -0.15154315972365
 0.23952982975603 -0.15045273517534
 0.22411612961478 -0.14880707618851
 0.20907054222102 -0.14675662964172
 0.19441314295108 -0.14368316950680
 0.18016348922055 -0.13998193588414
 0.16634059438888 -0.13640295050731
 0.15296290238968 -0.13256408212489
 0.14004826312100 -0.12836471085946
 0.12761390862811 -0.12382377886446
 0.11567643011073 -0.11896902001210
 0.10425175578537 -0.11383324776526
 0.09335512963222 -0.10844264245041
 0.08300109105506 -0.10283018962745
 0.07320345548133 -0.09701511251060
 0.06397529592810 -0.09102683265018
 0.05532892555874 -0.08488568573626
 0.04727588125343 -0.07862645442483
 0.03982690821542 -0.07227233862648
 0.03299194563373 -0.06582429664078
 0.02678011342120 -0.05929563316596
 0.02119970004580 -0.05271952932538
 0.01625815147129 -0.04612402706142
 0.01196206122204 -0.03947982258101
 0.00831716158527 -0.03282763477560
 0.00532831596244 -0.02621357061342
 0.00299951238003 -0.01976404355068
 0.00133385816822 -0.01258009653620
 0.00033357581488 -0.00465939484024
 0.00000000000000  0.00000000000000
 0.00033357581488  0.00476150835331
 0.00133385816822  0.01301843742691
 0.00299951238003  0.02068438588582
 0.00532831596244  0.02744897715815
 0.00831716158527  0.03444734420438
 0.01196206122204  0.04141414008676
 0.01625815147129  0.04839497145848
 0.02119970004580  0.05532507600782
 0.02678011342120  0.06218696465842
 0.03299194563373  0.06894587074178
 0.03982690821542  0.07556361613843
 0.04727588125343  0.08202317724749
 0.05532892555874  0.08831477611455
 0.06397529592810  0.09441599062286
 0.07320345548133  0.10030967686121
 0.08300109105506  0.10596027078521
 0.09335512963222  0.11134922373508
 0.10425175578537  0.11646730738488
 0.11567643011073  0.12127683577131
 0.12761390862811  0.12576974799191
 0.14004826312100  0.12991740582217
 0.15296290238968  0.13371378100106
 0.16634059438888  0.13714346787358
 0.18016348922055  0.14020121603801
 0.19441314295108  0.14321866052914
 0.20907054222102  0.14558151998295
 0.22411612961478  0.14752391667779
 0.23952982975603  0.14904181205656
 0.25529107609446  0.15009102535826
 0.27137883834768  0.15066060214818
 0.28777165056209  0.15073746803147
 0.30444763975492  0.15030055013907
 0.32138455509943  0.14936127481244
 0.33855979761428  0.14848181352745
 0.35595045031738  0.14723535231789
 0.37353330880416  0.14570266064765
 0.39128491220922  0.14387092801639
 0.40918157451028  0.14176048205001
 0.42719941613250  0.13939073469362
 0.44531439581106  0.13677027232098
 0.46350234266955  0.13393231112553
 0.48173898847117  0.13088902015848
 0.50000000000000  0.12765436963905
 0.51826101152883  0.12424829689521
 0.53649765733045  0.12069229921507
 0.55468560418894  0.11701291980216
 0.57280058386750  0.11323966784735
 0.59081842548972  0.10937414524346
 0.60871508779078  0.10543242644787
 0.62646669119584  0.10143645612298
 0.64404954968262  0.09739297032012
 0.66144020238572  0.09332393886922
 0.67861544490057  0.08924100508598
 0.69555236024508  0.08515339999320
 0.71222834943791  0.08107895105080
 0.72862116165232  0.07703128121913
 0.74470892390554  0.07301913812187
 0.76047017024397  0.06905907817771
 0.77588387038522  0.06516713037448
 0.79092945777898  0.06135386329632
 0.80558685704892  0.05763452484188
 0.81983651077945  0.05401660847483
 0.83365940561112  0.05050267307186
 0.84703709761032  0.04710455657394
 0.85995173687900  0.04383421622631
 0.87238609137189  0.04070080934850
 0.88432356988927  0.03770896631922
 0.89574824421463  0.03486103337826
 0.90664487036778  0.03216146496562
 0.91699890894494  0.02961494290255
 0.92679654451867  0.02722578679014
 0.93602470407190  0.02499717771485
 0.94467107444126  0.02292762352093
 0.95272411874657  0.02101246291828
 0.96017309178458  0.01924874795264
 0.96700805436627  0.01763705115687
 0.97321988657880  0.01617880755397
 0.97880029995420  0.01487483439832
 0.98374184852871  0.01372544664256
 0.98803793877796  0.01273059736295
 0.99168283841473  0.01188998305303
 0.99467168403756  0.01120315902551
 0.99700048761997  0.01066962998433
 0.99866614183178  0.01028892722429
 0.99966642418512  0.01006067021845
 1.00000000000000  0.01009476735019
</coords>