<reference>
Airfoil "Interp_095014" created on 26-Apr-2025 14:56:21 for blade project jamiesonsCaseTipDfl
</reference>
<coords>
 1.00000000000000  0.00000000000000
 1.00000000000000 -0.00404727604626
 0.99966642418512 -0.00350304437282
 0.99866614183178 -0.00334161542556
 0.99700048761997 -0.00307569155963
 0.99467168403756 -0.00271001670668
 0.99168283841473 -0.00225133913477
 0.98803793877796 -0.00170854053164
 0.98374184852871 -0.00109273088276
 0.97880029995420 -0.00041745496521
 0.97321988657880  0.00030118784151
 0.96700805436627  0.00104429125993
 0.96017309178458  0.00179000504315
 0.95272411874657  0.00251329045130
 0.94467107444126  0.00318735579180
 0.93602470407190  0.00379449855326
 0.92679654451867  0.00432452976520
 0.91699890894494  0.00476348092206
 0.90664487036778  0.00506592329518
 0.89574824421463  0.00517192873739
 0.88432356988927  0.00503879082410
 0.87238609137189  0.00464115913959
 0.85995173687900  0.00396577385843
 0.84703709761032  0.00301337436359
 0.83365940561112  0.00177389957532
 0.81983651077945  0.00022231054721
 0.80558685704892 -0.00168721884831
 0.79092945777898 -0.00400751577477
 0.77588387038522 -0.00677201316411
 0.76047017024397 -0.00999374476725
 0.74470892390554 -0.01366373905175
 0.72862116165232 -0.01775778264271
 0.71222834943791 -0.02225229975548
 0.69555236024508 -0.02712866589701
 0.67861544490057 -0.03236461312375
 0.66144020238572 -0.03791309674691
 0.64404954968262 -0.04371787654601
 0.62646669119584 -0.04971104343169
 0.60871508779078 -0.05581729697754
 0.59081842548972 -0.06196959375609
 0.57280058386750 -0.06809076775477
 0.55468560418894 -0.07410602439680
 0.53649765733045 -0.07995043046821
 0.51826101152883 -0.08555172572399
 0.50000000000000 -0.09086446507260
 0.48173898847117 -0.09582517116533
 0.46350234266955 -0.10037747810504
 0.44531439581106 -0.10448112819919
 0.42719941613250 -0.10812972190110
 0.40918157451028 -0.11130395720088
 0.39128491220922 -0.11401949745653
 0.37353330880416 -0.11641424519032
 0.35595045031738 -0.11828773457422
 0.33855979761428 -0.11967567413607
 0.32138455509943 -0.12058521551511
 0.30444763975492 -0.12101686188164
 0.28777165056209 -0.12101201498191
 0.27137883834768 -0.12053816696430
 0.25529107609446 -0.11965371272127
 0.23952982975603 -0.11835485082378
 0.22411612961478 -0.11666693050745
 0.20907054222102 -0.11458618483867
 0.19441314295108 -0.11214278009462
 0.18016348922055 -0.10933951745647
 0.16634059438888 -0.10620917848090
 0.15296290238968 -0.10275187282266
 0.14004826312100 -0.09900745053856
 0.12761390862811 -0.09500678328703
 0.11567643011073 -0.09076339856853
 0.10425175578537 -0.08631311723304
 0.09335512963222 -0.08167950096359
 0.08300109105506 -0.07690767102072
 0.07320345548133 -0.07201312685022
 0.06397529592810 -0.06703481611527
 0.05532892555874 -0.06199037470061
 0.04727588125343 -0.05693323769972
 0.03982690821542 -0.05188015681139
 0.03299194563373 -0.04684629658107
 0.02678011342120 -0.04184873436764
 0.02119970004580 -0.03691435750025
 0.01625815147129 -0.03210002613679
 0.01196206122204 -0.02730695331887
 0.00831716158527 -0.02257826346697
 0.00532831596244 -0.01815502878254
 0.00299951238003 -0.01384261881845
 0.00133385816822 -0.00846961261276
 0.00033357581488 -0.00224048286773
 0.00000000000000  0.00000000000000
 0.00033357581488  0.00254687137081
 0.00133385816822  0.01021521808134
 0.00299951238003  0.01635242556737
 0.00532831596244  0.02179979020192
 0.00831716158527  0.02736542121559
 0.01196206122204  0.03293129023119
 0.01625815147129  0.03857660908490
 0.02119970004580  0.04427646342680
 0.02678011342120  0.04994603674454
 0.03299194563373  0.05555514783163
 0.03982690821542  0.06114175162582
 0.04727588125343  0.06666404009632
 0.05532892555874  0.07208741962310
 0.06397529592810  0.07740676231820
 0.07320345548133  0.08259845961257
 0.08300109105506  0.08763358005902
 0.09335512963222  0.09249424601202
 0.10425175578537  0.09715077670458
 0.11567643011073  0.10158175981793
 0.12761390862811  0.10577524460789
 0.14004826312100  0.10970624885878
 0.15296290238968  0.11333898325901
 0.16634059438888  0.11667502423490
 0.18016348922055  0.11968182854633
 0.19441314295108  0.12235171124302
 0.20907054222102  0.12466767860806
 0.22411612961478  0.12662689251369
 0.23952982975603  0.12822563072957
 0.25529107609446  0.12945413294927
 0.27137883834768  0.13030800039521
 0.28777165056209  0.13076326188547
 0.30444763975492  0.13084290731354
 0.32138455509943  0.13055342454455
 0.33855979761428  0.12985751358765
 0.35595045031738  0.12883581413131
 0.37353330880416  0.12755014547941
 0.39128491220922  0.12596410712775
 0.40918157451028  0.12410170460907
 0.42719941613250  0.12196789288238
 0.44531439581106  0.11958015204730
 0.46350234266955  0.11696340752231
 0.48173898847117  0.11413399582430
 0.50000000000000  0.11110163842559
 0.51826101152883  0.10790771775004
 0.53649765733045  0.10456371581688
 0.55468560418894  0.10109085018200
 0.57280058386750  0.09750051867245
 0.59081842548972  0.09381426382229
 0.60871508779078  0.09005476900942
 0.62646669119584  0.08623035541179
 0.64404954968262  0.08237069605731
 0.66144020238572  0.07849996723168
 0.67861544490057  0.07463164706545
 0.69555236024508  0.07079196703349
 0.71222834943791  0.06699110425509
 0.72862116165232  0.06323475781545
 0.74470892390554  0.05954139903436
 0.76047017024397  0.05593606771763
 0.77588387038522  0.05242179442822
 0.79092945777898  0.04900395938754
 0.80558685704892  0.04569249202393
 0.81983651077945  0.04249777881163
 0.83365940561112  0.03942245815877
 0.84703709761032  0.03646514825388
 0.85995173687900  0.03362988501614
 0.87238609137189  0.03092121792418
 0.88432356988927  0.02834176883181
 0.89574824421463  0.02589654131867
 0.90664487036778  0.02359497264076
 0.91699890894494  0.02143880452843
 0.92679654451867  0.01941630711431
 0.93602470407190  0.01751817641166
 0.94467107444126  0.01574412036287
 0.95272411874657  0.01409658225105
 0.96017309178458  0.01257736661007
 0.96700805436627  0.01118754150553
 0.97321988657880  0.00992794497121
 0.97880029995420  0.00879929046807
 0.98374184852871  0.00780217852208
 0.98803793877796  0.00693710959694
 0.99168283841473  0.00620449393095
 0.99467168403756  0.00560466210837
 0.99700048761997  0.00513787199481
 0.99866614183178  0.00480431708749
 0.99966642418512  0.00460413160296
 1.00000000000000  0.00404727604626
</coords>