<reference>
Airfoil "Interp_039589" created on 26-Apr-2025 14:56:21 for blade project jamiesonsCaseTipDfl
</reference>
<coords>
 1.00000000000000  0.00000000000000
 1.00000000000000 -0.00713916721755
 0.99966642418512 -0.00117248136951
 0.99866614183178 -0.00123868571669
 0.99700048761997 -0.00134791040613
 0.99467168403756 -0.00149895089410
 0.99168283841473 -0.00169100655292
 0.98803793877796 -0.00192456714594
 0.98374184852871 -0.00220250780182
 0.97880029995420 -0.00253138458319
 0.97321988657880 -0.00292291961309
 0.96700805436627 -0.00339565308607
 0.96017309178458 -0.00397677770814
 0.95272411874657 -0.00470405375485
 0.94467107444126 -0.00562585323129
 0.93602470407190 -0.00672884644937
 0.92679654451867 -0.00788358574591
 0.91699890894494 -0.00890870034866
 0.90664487036778 -0.00983809107371
 0.89574824421463 -0.01099819412206
 0.88432356988927 -0.01272027181928
 0.87238609137189 -0.01501213315453
 0.85995173687900 -0.01779460301824
 0.84703709761032 -0.02108432873238
 0.83365940561112 -0.02492936040501
 0.81983651077945 -0.02930801239463
 0.80558685704892 -0.03417758678597
 0.79092945777898 -0.03954781532984
 0.77588387038522 -0.04542274254843
 0.76047017024397 -0.05178040239297
 0.74470892390554 -0.05861461681609
 0.72862116165232 -0.06590449650766
 0.71222834943791 -0.07357908303268
 0.69555236024508 -0.08156882932969
 0.67861544490057 -0.08980271125567
 0.66144020238572 -0.09820205396415
 0.64404954968262 -0.10668580361997
 0.62646669119584 -0.11517216162583
 0.60871508779078 -0.12358353114994
 0.59081842548972 -0.13184640195844
 0.57280058386750 -0.13990005474748
 0.55468560418894 -0.14770095972295
 0.53649765733045 -0.15517435347128
 0.51826101152883 -0.16222448149720
 0.50000000000000 -0.16881185513229
 0.48173898847117 -0.17492676102993
 0.46350234266955 -0.18059699104287
 0.44531439581106 -0.18575823691227
 0.42719941613250 -0.19035010943381
 0.40918157451028 -0.19436683174195
 0.39128491220922 -0.19780513197328
 0.37353330880416 -0.20064524646423
 0.35595045031738 -0.20291237194435
 0.33855979761428 -0.20460439096765
 0.32138455509943 -0.20569968950857
 0.30444763975492 -0.20623650504809
 0.28777165056209 -0.20619705118576
 0.27137883834768 -0.20559639116342
 0.25529107609446 -0.20440646351078
 0.23952982975603 -0.20263940983365
 0.22411612961478 -0.20029126957018
 0.20907054222102 -0.19733959715360
 0.19441314295108 -0.19376589151217
 0.18016348922055 -0.18945160825773
 0.16634059438888 -0.18434923354495
 0.15296290238968 -0.17779136393161
 0.14004826312100 -0.17354921152707
 0.12761390862811 -0.16883734694524
 0.11567643011073 -0.16381363665205
 0.10425175578537 -0.15839558338718
 0.09335512963222 -0.15259114685604
 0.08300109105506 -0.14640224936400
 0.07320345548133 -0.13980376183569
 0.06397529592810 -0.13282444884382
 0.05532892555874 -0.12545980610497
 0.04727588125343 -0.11768789313149
 0.03982690821542 -0.10960166921873
 0.03299194563373 -0.10115200500204
 0.02678011342120 -0.09236652949298
 0.02119970004580 -0.08323100945131
 0.01625815147129 -0.07372263146112
 0.01196206122204 -0.06399106862707
 0.00831716158527 -0.05413452999454
 0.00532831596244 -0.04380125544982
 0.00299951238003 -0.03206046963856
 0.00133385816822 -0.01952967124896
 0.00033357581488 -0.00745032258300
 0.00000000000000  0.00000000000000
 0.00033357581488  0.00570064755713
 0.00133385816822  0.01757633709449
 0.00299951238003  0.03086051171389
 0.00532831596244  0.04438252889107
 0.00831716158527  0.05542320913493
 0.01196206122204  0.06570507223528
 0.01625815147129  0.07586479864471
 0.02119970004580  0.08588855465839
 0.02678011342120  0.09558045828962
 0.03299194563373  0.10500067642583
 0.03982690821542  0.11403654269686
 0.04727588125343  0.12271554447860
 0.05532892555874  0.13100600155346
 0.06397529592810  0.13885249065182
 0.07320345548133  0.14625162661150
 0.08300109105506  0.15320783249752
 0.09335512963222  0.15968515622892
 0.10425175578537  0.16566686523057
 0.11567643011073  0.17118342837800
 0.12761390862811  0.17613961586887
 0.14004826312100  0.18163547630459
 0.15296290238968  0.18783196861943
 0.16634059438888  0.19292112243518
 0.18016348922055  0.19710849315200
 0.19441314295108  0.20056903762149
 0.20907054222102  0.20337078596361
 0.22411612961478  0.20557826328245
 0.23952982975603  0.20723054794725
 0.25529107609446  0.20834439868766
 0.27137883834768  0.20897355734934
 0.28777165056209  0.20909007364219
 0.30444763975492  0.20872947867718
 0.32138455509943  0.20790577862904
 0.33855979761428  0.20660452303004
 0.35595045031738  0.20489660985990
 0.37353330880416  0.20277468789454
 0.39128491220922  0.20023686958363
 0.40918157451028  0.19734157050652
 0.42719941613250  0.19408059318714
 0.44531439581106  0.19049080227372
 0.46350234266955  0.18658241329275
 0.48173898847117  0.18234628350853
 0.50000000000000  0.17781748387929
 0.51826101152883  0.17306102614549
 0.53649765733045  0.16808381030805
 0.55468560418894  0.16294601802447
 0.57280058386750  0.15765379518576
 0.59081842548972  0.15223807068024
 0.60871508779078  0.14673602827477
 0.62646669119584  0.14115274447654
 0.64404954968262  0.13550466406363
 0.66144020238572  0.12985138111704
 0.67861544490057  0.12417680136048
 0.69555236024508  0.11850711795546
 0.71222834943791  0.11287621568657
 0.72862116165232  0.10729226744695
 0.74470892390554  0.10177663746108
 0.76047017024397  0.09634134774597
 0.77588387038522  0.09099521682627
 0.79092945777898  0.08576191158953
 0.80558685704892  0.08065786244596
 0.81983651077945  0.07569000253746
 0.83365940561112  0.07085894488627
 0.84703709761032  0.06617806546624
 0.85995173687900  0.06167470073961
 0.87238609137189  0.05735446940983
 0.88432356988927  0.05321007373361
 0.89574824421463  0.04925574435475
 0.90664487036778  0.04551253403062
 0.91699890894494  0.04197099109880
 0.92679654451867  0.03860687968126
 0.93602470407190  0.03541451179787
 0.94467107444126  0.03241051460787
 0.95272411874657  0.02961037397230
 0.96017309178458  0.02702176446969
 0.96700805436627  0.02464639480533
 0.97321988657880  0.02248611040954
 0.97880029995420  0.02054321716764
 0.98374184852871  0.01882030793246
 0.98803793877796  0.01732009724535
 0.99168283841473  0.01604526992882
 0.99467168403756  0.01499834438247
 0.99700048761997  0.01418155321167
 0.99866614183178  0.01359674166997
 0.99966642418512  0.01324528712409
 1.00000000000000  0.00713916721755
</coords>