<reference>
Airfoil "Interp_105572" created on 26-Apr-2025 14:56:21 for blade project jamiesonsCaseTipDfl
</reference>
<coords>
 1.00000000000000  0.00000000000000
 1.00000000000000 -0.00170685108098
 0.99966642418512 -0.00126770082107
 0.99866614183178 -0.00114095179454
 0.99700048761997 -0.00093229060524
 0.99467168403756 -0.00064563495575
 0.99168283841473 -0.00028654157248
 0.98803793877796  0.00013770662238
 0.98374184852871  0.00061805168105
 0.97880029995420  0.00114351644718
 0.97321988657880  0.00170109627444
 0.96700805436627  0.00227566338976
 0.96017309178458  0.00284981001411
 0.95272411874657  0.00340372430902
 0.94467107444126  0.00391633311231
 0.93602470407190  0.00437341835892
 0.92679654451867  0.00476620204422
 0.91699890894494  0.00508169620983
 0.90664487036778  0.00527965283201
 0.89574824421463  0.00530773224573
 0.88432356988927  0.00512923829529
 0.87238609137189  0.00472122437467
 0.85995173687900  0.00405783743308
 0.84703709761032  0.00310950289531
 0.83365940561112  0.00185012415786
 0.81983651077945  0.00025934223207
 0.80558685704892 -0.00166632149700
 0.79092945777898 -0.00393426604160
 0.77588387038522 -0.00658712400536
 0.76047017024397 -0.00963684718846
 0.74470892390554 -0.01306462795372
 0.72862116165232 -0.01686287320896
 0.71222834943791 -0.02101972866328
 0.69555236024508 -0.02552303355765
 0.67861544490057 -0.03035951447509
 0.66144020238572 -0.03549011354995
 0.64404954968262 -0.04086790789008
 0.62646669119584 -0.04643720274159
 0.60871508779078 -0.05213602010848
 0.59081842548972 -0.05790296745185
 0.57280058386750 -0.06366353587508
 0.55468560418894 -0.06933691968349
 0.53649765733045 -0.07486704600622
 0.51826101152883 -0.08019133675098
 0.50000000000000 -0.08525987018286
 0.48173898847117 -0.08998382438619
 0.46350234266955 -0.09428697421571
 0.44531439581106 -0.09812573536782
 0.42719941613250 -0.10148152923154
 0.40918157451028 -0.10434053040538
 0.39128491220922 -0.10666472789784
 0.37353330880416 -0.10830161463777
 0.35595045031738 -0.10949642019827
 0.33855979761428 -0.11022699704723
 0.32138455509943 -0.11052821954888
 0.30444763975492 -0.11034224544767
 0.28777165056209 -0.10982356016246
 0.27137883834768 -0.10885642642215
 0.25529107609446 -0.10753068867004
 0.23952982975603 -0.10586004146957
 0.22411612961478 -0.10384919519207
 0.20907054222102 -0.10152336906914
 0.19441314295108 -0.09890969829318
 0.18016348922055 -0.09600539702441
 0.16634059438888 -0.09284609987231
 0.15296290238968 -0.08946043140360
 0.14004826312100 -0.08586649844542
 0.12761390862811 -0.08211512108684
 0.11567643011073 -0.07820615027347
 0.10425175578537 -0.07416905034801
 0.09335512963222 -0.07002194658350
 0.08300109105506 -0.06579539704686
 0.07320345548133 -0.06162604433492
 0.06397529592810 -0.05751925712081
 0.05532892555874 -0.05338296390991
 0.04727588125343 -0.04923010310026
 0.03982690821542 -0.04506121393861
 0.03299194563373 -0.04089979626139
 0.02678011342120 -0.03676089955768
 0.02119970004580 -0.03265607928103
 0.01625815147129 -0.02860923400115
 0.01196206122204 -0.02460885049580
 0.00831716158527 -0.02060645461725
 0.00532831596244 -0.01691639389416
 0.00299951238003 -0.01297649811448
 0.00133385816822 -0.00756499158983
 0.00033357581488 -0.00166377561467
 0.00000000000000  0.00000000000000
 0.00033357581488  0.00172331647665
 0.00133385816822  0.00884639300634
 0.00299951238003  0.01501234519887
 0.00532831596244  0.01999859690549
 0.00831716158527  0.02515743806781
 0.01196206122204  0.03028078786795
 0.01625815147129  0.03550670628285
 0.02119970004580  0.04075952843392
 0.02678011342120  0.04602174204778
 0.03299194563373  0.05128641104279
 0.03982690821542  0.05654924291853
 0.04727588125343  0.06177912181211
 0.05532892555874  0.06696437000424
 0.06397529592810  0.07209524883179
 0.07320345548133  0.07714476722903
 0.08300109105506  0.08209125784484
 0.09335512963222  0.08691171329078
 0.10425175578537  0.09160127851726
 0.11567643011073  0.09613016315132
 0.12761390862811  0.10046089535469
 0.14004826312100  0.10456334167493
 0.15296290238968  0.10855176464244
 0.16634059438888  0.11231118284003
 0.18016348922055  0.11584392059291
 0.19441314295108  0.11904181305684
 0.20907054222102  0.12189880223140
 0.22411612961478  0.12444972852137
 0.23952982975603  0.12661218448610
 0.25529107609446  0.12834547990104
 0.27137883834768  0.12967756605070
 0.28777165056209  0.13064771159640
 0.30444763975492  0.13113910038978
 0.32138455509943  0.13125654347116
 0.33855979761428  0.13094092151574
 0.35595045031738  0.13022024504213
 0.37353330880416  0.12904746675631
 0.39128491220922  0.12748512419615
 0.40918157451028  0.12558086097808
 0.42719941613250  0.12340997232372
 0.44531439581106  0.12089341842466
 0.46350234266955  0.11814745235049
 0.48173898847117  0.11511281030838
 0.50000000000000  0.11188135601119
 0.51826101152883  0.10849601820913
 0.53649765733045  0.10490850732658
 0.55468560418894  0.10118448448071
 0.57280058386750  0.09733931189907
 0.59081842548972  0.09338291923624
 0.60871508779078  0.08934325213269
 0.62646669119584  0.08522814323396
 0.64404954968262  0.08108326114321
 0.66144020238572  0.07694734401998
 0.67861544490057  0.07282455554071
 0.69555236024508  0.06873360016733
 0.71222834943791  0.06471182359681
 0.72862116165232  0.06075404695873
 0.74470892390554  0.05687187290652
 0.76047017024397  0.05310589612944
 0.77588387038522  0.04945631378576
 0.79092945777898  0.04592721881883
 0.80558685704892  0.04252931068304
 0.81983651077945  0.03927249243585
 0.83365940561112  0.03615695038362
 0.84703709761032  0.03317680075758
 0.85995173687900  0.03033292202218
 0.87238609137189  0.02763008101071
 0.88432356988927  0.02507732051861
 0.89574824421463  0.02267288815873
 0.90664487036778  0.02039844441514
 0.91699890894494  0.01824713505557
 0.92679654451867  0.01623443179246
 0.93602470407190  0.01437201768288
 0.94467107444126  0.01265450875972
 0.95272411874657  0.01107237340878
 0.96017309178458  0.00962008479362
 0.96700805436627  0.00829777266001
 0.97321988657880  0.00710588276822
 0.97880029995420  0.00604415233802
 0.98374184852871  0.00511179240417
 0.98803793877796  0.00430765819984
 0.99168283841473  0.00363041119187
 0.99467168403756  0.00307865976753
 0.99700048761997  0.00265109184456
 0.99866614183178  0.00234656948488
 0.99966642418512  0.00216422178633
 1.00000000000000  0.00170685108098
</coords>