<reference>
Airfoil "Interp_081818" created on 26-Apr-2025 14:56:21 for blade project jamiesonsCaseTipDfl
</reference>
<coords>
 1.00000000000000  0.00000000000000
 1.00000000000000 -0.00653505645802
 0.99966642418512 -0.00623217533268
 0.99866614183178 -0.00604645567373
 0.99700048761997 -0.00574117197046
 0.99467168403756 -0.00532272057985
 0.99168283841473 -0.00480008944663
 0.98803793877796 -0.00418489863429
 0.98374184852871 -0.00349147014716
 0.97880029995420 -0.00273684352410
 0.97321988657880 -0.00194085692185
 0.96700805436627 -0.00112626224158
 0.96017309178458 -0.00031870216108
 0.95272411874657  0.00045428105739
 0.94467107444126  0.00116886999814
 0.93602470407190  0.00180350968241
 0.92679654451867  0.00232952946652
 0.91699890894494  0.00270466465171
 0.90664487036778  0.00288797299619
 0.89574824421463  0.00285228824799
 0.88432356988927  0.00257080487530
 0.87238609137189  0.00201278211676
 0.85995173687900  0.00116319029122
 0.84703709761032  0.00001556054557
 0.83365940561112 -0.00149178640078
 0.81983651077945 -0.00340549120657
 0.80558685704892 -0.00572203429542
 0.79092945777898 -0.00846824166487
 0.77588387038522 -0.01169325018387
 0.76047017024397 -0.01541919987392
 0.74470892390554 -0.01960374293577
 0.72862116165232 -0.02421582953890
 0.71222834943791 -0.02924725933128
 0.69555236024508 -0.03466300257742
 0.67861544490057 -0.04042931252941
 0.66144020238572 -0.04650426941812
 0.64404954968262 -0.05281517202604
 0.62646669119584 -0.05929413621245
 0.60871508779078 -0.06586356768515
 0.59081842548972 -0.07245384790951
 0.57280058386750 -0.07897300726078
 0.55468560418894 -0.08535304075877
 0.53649765733045 -0.09152121035398
 0.51826101152883 -0.09742421051507
 0.50000000000000 -0.10300832292960
 0.48173898847117 -0.10818528312099
 0.46350234266955 -0.11317150650877
 0.44531439581106 -0.11777688151389
 0.42719941613250 -0.12188597681112
 0.40918157451028 -0.12548182013627
 0.39128491220922 -0.12855313270850
 0.37353330880416 -0.13108953285779
 0.35595045031738 -0.13307457828932
 0.33855979761428 -0.13449192249300
 0.32138455509943 -0.13538891216521
 0.30444763975492 -0.13576276546351
 0.28777165056209 -0.13562900096957
 0.27137883834768 -0.13498112532503
 0.25529107609446 -0.13383648068519
 0.23952982975603 -0.13228000439231
 0.22411612961478 -0.13053092991147
 0.20907054222102 -0.12835544937650
 0.19441314295108 -0.12576559167068
 0.18016348922055 -0.12277761891947
 0.16634059438888 -0.11940040524789
 0.15296290238968 -0.11566860080321
 0.14004826312100 -0.11160457165007
 0.12761390862811 -0.10721830343243
 0.11567643011073 -0.10254929505521
 0.10425175578537 -0.09761706921278
 0.09335512963222 -0.09247024594517
 0.08300109105506 -0.08712454714079
 0.07320345548133 -0.08162112613062
 0.06397529592810 -0.07598169373989
 0.05532892555874 -0.07023056068171
 0.04727588125343 -0.06445543774982
 0.03982690821542 -0.05875280748322
 0.03299194563373 -0.05306331752951
 0.02678011342120 -0.04740185500757
 0.02119970004580 -0.04177995391852
 0.01625815147129 -0.03623635986330
 0.01196206122204 -0.03082449349859
 0.00831716158527 -0.02541246900682
 0.00532831596244 -0.02013716912152
 0.00299951238003 -0.01499836906842
 0.00133385816822 -0.01033229602383
 0.00033357581488 -0.00469255353856
 0.00000000000000  0.00000000000000
 0.00033357581488  0.00548383881970
 0.00133385816822  0.01198739093040
 0.00299951238003  0.01791280130320
 0.00532831596244  0.02382212314011
 0.00831716158527  0.02965965210628
 0.01196206122204  0.03558491920579
 0.01625815147129  0.04156138844330
 0.02119970004580  0.04752329771848
 0.02678011342120  0.05341349078949
 0.03299194563373  0.05941331713654
 0.03982690821542  0.06551205490440
 0.04727588125343  0.07145547091295
 0.05532892555874  0.07724934523978
 0.06397529592810  0.08287870856997
 0.07320345548133  0.08833557540589
 0.08300109105506  0.09360282215705
 0.09335512963222  0.09864273069013
 0.10425175578537  0.10345099585595
 0.11567643011073  0.10798937120068
 0.12761390862811  0.11224730622503
 0.14004826312100  0.11619550562708
 0.15296290238968  0.11982574888484
 0.16634059438888  0.12309679437257
 0.18016348922055  0.12602265614987
 0.19441314295108  0.12857782898793
 0.20907054222102  0.13074825435378
 0.22411612961478  0.13252956230153
 0.23952982975603  0.13394759801335
 0.25529107609446  0.13514549511140
 0.27137883834768  0.13605113270819
 0.28777165056209  0.13650801268540
 0.30444763975492  0.13655586849294
 0.32138455509943  0.13619912625158
 0.33855979761428  0.13546521370714
 0.35595045031738  0.13436540848445
 0.37353330880416  0.13292799733095
 0.39128491220922  0.13118293067682
 0.40918157451028  0.12912008510005
 0.42719941613250  0.12678631276361
 0.44531439581106  0.12425901857538
 0.46350234266955  0.12164021604744
 0.48173898847117  0.11881404704316
 0.50000000000000  0.11580781838315
 0.51826101152883  0.11264348192442
 0.53649765733045  0.10934306585998
 0.55468560418894  0.10591346301387
 0.57280058386750  0.10238124707224
 0.59081842548972  0.09876647888058
 0.60871508779078  0.09506506861462
 0.62646669119584  0.09131242517900
 0.64404954968262  0.08751734803500
 0.66144020238572  0.08370203329596
 0.67861544490057  0.07986655770832
 0.69555236024508  0.07604418505246
 0.71222834943791  0.07223587133167
 0.72862116165232  0.06845992230602
 0.74470892390554  0.06472897204630
 0.76047017024397  0.06105765887910
 0.77588387038522  0.05746145483445
 0.79092945777898  0.05394672775099
 0.80558685704892  0.05051669729422
 0.81983651077945  0.04718514928320
 0.83365940561112  0.04396641011184
 0.84703709761032  0.04086120874539
 0.85995173687900  0.03786863185578
 0.87238609137189  0.03500320845992
 0.88432356988927  0.03227202707980
 0.89574824421463  0.02967426946423
 0.90664487036778  0.02720282234265
 0.91699890894494  0.02487085261590
 0.92679654451867  0.02270972435821
 0.93602470407190  0.02071100639751
 0.94467107444126  0.01884107240860
 0.95272411874657  0.01708931448611
 0.96017309178458  0.01546486296839
 0.96700805436627  0.01397475068207
 0.97321988657880  0.01262111059193
 0.97880029995420  0.01140499419598
 0.98374184852871  0.01032763823776
 0.98803793877796  0.00939037362073
 0.99168283841473  0.00859454174689
 0.99467168403756  0.00794141584564
 0.99700048761997  0.00743213533974
 0.99866614183178  0.00706764710613
 0.99966642418512  0.00684866088848
 1.00000000000000  0.00653505645802
</coords>