<reference>
Airfoil "Interp_036950" created on 26-Apr-2025 14:56:21 for blade project jamiesonsCaseTipDfl
</reference>
<coords>
 1.00000000000000  0.00000000000000
 1.00000000000000 -0.00568477973654
 0.99966642418512 -0.00078401906196
 0.99866614183178 -0.00110870871626
 0.99700048761997 -0.00161224417917
 0.99467168403756 -0.00224390505651
 0.99168283841473 -0.00294134904432
 0.98803793877796 -0.00364056245462
 0.98374184852871 -0.00428500221856
 0.97880029995420 -0.00483713087130
 0.97321988657880 -0.00529043137997
 0.96700805436627 -0.00568239000129
 0.96017309178458 -0.00610945518191
 0.95272411874657 -0.00674457729099
 0.94467107444126 -0.00784643734027
 0.93602470407190 -0.00948226831987
 0.92679654451867 -0.01138819388907
 0.91699890894494 -0.01317403251483
 0.90664487036778 -0.01482094845546
 0.89574824421463 -0.01674257193704
 0.88432356988927 -0.01933489665429
 0.87238609137189 -0.02256994032796
 0.85995173687900 -0.02631994226198
 0.84703709761032 -0.03059895771243
 0.83365940561112 -0.03545737772502
 0.81983651077945 -0.04084677958143
 0.80558685704892 -0.04670572207108
 0.79092945777898 -0.05306827276913
 0.77588387038522 -0.05993507878873
 0.76047017024397 -0.06723891905715
 0.74470892390554 -0.07496624745230
 0.72862116165232 -0.08309781564464
 0.71222834943791 -0.09155176363781
 0.69555236024508 -0.10022950664859
 0.67861544490057 -0.10905736787807
 0.66144020238572 -0.11797161389254
 0.64404954968262 -0.12687757584619
 0.62646669119584 -0.13569045361839
 0.60871508779078 -0.14433761004669
 0.59081842548972 -0.15275372903781
 0.57280058386750 -0.16088828580887
 0.55468560418894 -0.16870695990842
 0.53649765733045 -0.17612055169964
 0.51826101152883 -0.18299084226233
 0.50000000000000 -0.18930831167361
 0.48173898847117 -0.19505743887839
 0.46350234266955 -0.20034077822197
 0.44531439581106 -0.20508642505988
 0.42719941613250 -0.20920670290958
 0.40918157451028 -0.21275767900998
 0.39128491220922 -0.21573271706186
 0.37353330880416 -0.21809178793874
 0.35595045031738 -0.21984317965727
 0.33855979761428 -0.22105914834459
 0.32138455509943 -0.22161865553680
 0.30444763975492 -0.22163405086313
 0.28777165056209 -0.22108141024134
 0.27137883834768 -0.21995190386925
 0.25529107609446 -0.21821060688874
 0.23952982975603 -0.21589194477510
 0.22411612961478 -0.21299159017424
 0.20907054222102 -0.20945029896879
 0.19441314295108 -0.20526440057113
 0.18016348922055 -0.20029165460847
 0.16634059438888 -0.19445319680941
 0.15296290238968 -0.18671955305553
 0.14004826312100 -0.18015844111286
 0.12761390862811 -0.17548571838768
 0.11567643011073 -0.17036494675290
 0.10425175578537 -0.16482169227669
 0.09335512963222 -0.15890962363648
 0.08300109105506 -0.15259322832488
 0.07320345548133 -0.14586730963115
 0.06397529592810 -0.13874319547898
 0.05532892555874 -0.13123351981493
 0.04727588125343 -0.12333227548564
 0.03982690821542 -0.11500006598570
 0.03299194563373 -0.10630492176244
 0.02678011342120 -0.09716159029859
 0.02119970004580 -0.08772034635554
 0.01625815147129 -0.07785114526720
 0.01196206122204 -0.06773485835259
 0.00831716158527 -0.05729809961844
 0.00532831596244 -0.04625036950328
 0.00299951238003 -0.03402098154460
 0.00133385816822 -0.02095954023963
 0.00033357581488 -0.00863157979442
 0.00000000000000  0.00000000000000
 0.00033357581488  0.00589846557820
 0.00133385816822  0.01826333750494
 0.00299951238003  0.03206466422323
 0.00532831596244  0.04598402283800
 0.00831716158527  0.05770168520347
 0.01196206122204  0.06854170783831
 0.01625815147129  0.07907407433178
 0.02119970004580  0.08943166205365
 0.02678011342120  0.09948807347274
 0.03299194563373  0.10921425932782
 0.03982690821542  0.11849862809308
 0.04727588125343  0.12741444136920
 0.05532892555874  0.13588260491639
 0.06397529592810  0.14389316691790
 0.07320345548133  0.15146382585509
 0.08300109105506  0.15856731479487
 0.09335512963222  0.16516105146459
 0.10425175578537  0.17125206994357
 0.11567643011073  0.17694291922161
 0.12761390862811  0.18200152130303
 0.14004826312100  0.18975865786212
 0.15296290238968  0.19685545438564
 0.16634059438888  0.20266178685972
 0.18016348922055  0.20751898262600
 0.19441314295108  0.21160881420431
 0.20907054222102  0.21499886023120
 0.22411612961478  0.21777604681244
 0.23952982975603  0.21997992632253
 0.25529107609446  0.22164222410868
 0.27137883834768  0.22278979811051
 0.28777165056209  0.22340344756051
 0.30444763975492  0.22353432894912
 0.32138455509943  0.22316222682394
 0.33855979761428  0.22226870278208
 0.35595045031738  0.22099490897850
 0.37353330880416  0.21923254796493
 0.39128491220922  0.21702984094392
 0.40918157451028  0.21445960517031
 0.42719941613250  0.21147393874624
 0.44531439581106  0.20811997173227
 0.46350234266955  0.20439645625584
 0.48173898847117  0.20027094700675
 0.50000000000000  0.19576696633192
 0.51826101152883  0.19098551741485
 0.53649765733045  0.18590795432676
 0.55468560418894  0.18063056869779
 0.57280058386750  0.17515033253972
 0.59081842548972  0.16949704419477
 0.60871508779078  0.16372503610845
 0.62646669119584  0.15782525233010
 0.64404954968262  0.15179510533522
 0.66144020238572  0.14574199654626
 0.67861544490057  0.13961044236820
 0.69555236024508  0.13343520718712
 0.71222834943791  0.12728317429422
 0.72862116165232  0.12114840492586
 0.74470892390554  0.11505386883519
 0.76047017024397  0.10900958065997
 0.77588387038522  0.10301954475050
 0.79092945777898  0.09712838016942
 0.80558685704892  0.09136529328266
 0.81983651077945  0.08573276144520
 0.83365940561112  0.08021687488399
 0.84703709761032  0.07482843617322
 0.85995173687900  0.06962236976074
 0.87238609137189  0.06461831156918
 0.88432356988927  0.05979984630213
 0.89574824421463  0.05517835196493
 0.90664487036778  0.05078297829377
 0.91699890894494  0.04661114643774
 0.92679654451867  0.04263925437877
 0.93602470407190  0.03886071206746
 0.94467107444126  0.03527880455025
 0.95272411874657  0.03189663979900
 0.96017309178458  0.02871599540881
 0.96700805436627  0.02574822064496
 0.97321988657880  0.02300841168650
 0.97880029995420  0.02051135418452
 0.98374184852871  0.01827108773736
 0.98803793877796  0.01630063975136
 0.99168283841473  0.01461182912234
 0.99467168403756  0.01321504370303
 0.99700048761997  0.01211910340688
 0.99866614183178  0.01133109057596
 0.99966642418512  0.01085616884069
 1.00000000000000  0.00568477973654
</coords>