<reference>
Airfoil "Interp_013196" created on 26-Apr-2025 14:56:21 for blade project jamiesonsCaseTipDfl
</reference>
<coords>
 1.00000000000000  0.00000000000000
 1.00000000000000 -0.00008941940752
 0.99966642418512 -0.01210301976354
 0.99866614183178 -0.01644780572447
 0.99700048761997 -0.02143925352311
 0.99467168403756 -0.02682694555407
 0.99168283841473 -0.03266503939257
 0.98803793877796 -0.03918580663853
 0.98374184852871 -0.04689004706772
 0.97880029995420 -0.05612146322977
 0.97321988657880 -0.06688247113355
 0.96700805436627 -0.07906279553294
 0.96017309178458 -0.09245439754732
 0.95272411874657 -0.10680893374330
 0.94467107444126 -0.12189914902375
 0.93602470407190 -0.13756482492291
 0.92679654451867 -0.15349918029719
 0.91699890894494 -0.16962071241984
 0.90664487036778 -0.18602506518708
 0.89574824421463 -0.20223745935548
 0.88432356988927 -0.21820704711288
 0.87238609137189 -0.23393316881690
 0.85995173687900 -0.24924506909566
 0.84703709761032 -0.26403304114555
 0.83365940561112 -0.27839049236326
 0.81983651077945 -0.29223866623434
 0.80558685704892 -0.30552281550822
 0.79092945777898 -0.31824536595869
 0.77588387038522 -0.33041568364001
 0.76047017024397 -0.34204433946848
 0.74470892390554 -0.35313360459340
 0.72862116165232 -0.36361386552501
 0.71222834943791 -0.37344455238491
 0.69555236024508 -0.38282154222714
 0.67861544490057 -0.39150497000726
 0.66144020238572 -0.39954005294262
 0.64404954968262 -0.40695353174048
 0.62646669119584 -0.41357395802227
 0.60871508779078 -0.41958627930076
 0.59081842548972 -0.42497344690307
 0.57280058386750 -0.42967534842477
 0.55468560418894 -0.43362562528420
 0.53649765733045 -0.43702025914346
 0.51826101152883 -0.43959905424960
 0.50000000000000 -0.44155065613266
 0.48173898847117 -0.44282275718631
 0.46350234266955 -0.44349308833023
 0.44531439581106 -0.44338939935873
 0.42719941613250 -0.44252492266346
 0.40918157451028 -0.44112272942912
 0.39128491220922 -0.43904640845390
 0.37353330880416 -0.43625509061418
 0.35595045031738 -0.43292195700785
 0.33855979761428 -0.42876273242263
 0.32138455509943 -0.42405876385578
 0.30444763975492 -0.41862277564196
 0.28777165056209 -0.41258985861718
 0.27137883834768 -0.40587217015120
 0.25529107609446 -0.39856239615918
 0.23952982975603 -0.39056870558739
 0.22411612961478 -0.38198988869720
 0.20907054222102 -0.37272622790818
 0.19441314295108 -0.36289980584147
 0.18016348922055 -0.35244127609324
 0.16634059438888 -0.34147835766162
 0.15296290238968 -0.33003684373043
 0.14004826312100 -0.31817334615371
 0.12761390862811 -0.30565981102738
 0.11567643011073 -0.29285060537015
 0.10425175578537 -0.27944963331330
 0.09335512963222 -0.26562357854665
 0.08300109105506 -0.25154269489560
 0.07320345548133 -0.23714510490117
 0.06397529592810 -0.22251681262826
 0.05532892555874 -0.20768534675726
 0.04727588125343 -0.19250877231713
 0.03982690821542 -0.17698153010280
 0.03299194563373 -0.16116137589201
 0.02678011342120 -0.14510565606398
 0.02119970004580 -0.12909108754970
 0.01625815147129 -0.11288359224118
 0.01196206122204 -0.09692142975331
 0.00831716158527 -0.08079834955802
 0.00532831596244 -0.06462485497911
 0.00299951238003 -0.04852963087509
 0.00133385816822 -0.03316592979444
 0.00033357581488 -0.01637220986824
 0.00000000000000  0.00000000000000
 0.00033357581488  0.01475309127039
 0.00133385816822  0.03183718874257
 0.00299951238003  0.04800487063243
 0.00532831596244  0.06380210407555
 0.00831716158527  0.08017530167875
 0.01196206122204  0.09610342449605
 0.01625815147129  0.11222247490212
 0.02119970004580  0.12821280467704
 0.02678011342120  0.14419651786773
 0.03299194563373  0.16024220396499
 0.03982690821542  0.17603189385422
 0.04727588125343  0.19153565482630
 0.05532892555874  0.20662220217152
 0.06397529592810  0.22135328615424
 0.07320345548133  0.23589565598570
 0.08300109105506  0.25012882350463
 0.09335512963222  0.26410130028326
 0.10425175578537  0.27780758205356
 0.11567643011073  0.29103708589822
 0.12761390862811  0.30386410498596
 0.14004826312100  0.31633104526411
 0.15296290238968  0.32831139317271
 0.16634059438888  0.33980780452321
 0.18016348922055  0.35088242037323
 0.19441314295108  0.36143416709394
 0.20907054222102  0.37141359995464
 0.22411612961478  0.38078968110989
 0.23952982975603  0.38956309259286
 0.25529107609446  0.39772457189133
 0.27137883834768  0.40526720443530
 0.28777165056209  0.41216795878238
 0.30444763975492  0.41845890717343
 0.32138455509943  0.42405495359937
 0.33855979761428  0.42905172559580
 0.35595045031738  0.43337289937334
 0.37353330880416  0.43693831182097
 0.39128491220922  0.43977199864274
 0.40918157451028  0.44189682481015
 0.42719941613250  0.44339390520163
 0.44531439581106  0.44412176551741
 0.46350234266955  0.44414764627824
 0.48173898847117  0.44344085917210
 0.50000000000000  0.44206030263970
 0.51826101152883  0.43995911787048
 0.53649765733045  0.43706444948639
 0.55468560418894  0.43363793416932
 0.57280058386750  0.42943473212212
 0.59081842548972  0.42450788447640
 0.60871508779078  0.41902877105654
 0.62646669119584  0.41284898391469
 0.64404954968262  0.40599827860310
 0.66144020238572  0.39852369123526
 0.67861544490057  0.39052537596026
 0.69555236024508  0.38192845006427
 0.71222834943791  0.37278068959326
 0.72862116165232  0.36300725348839
 0.74470892390554  0.35272194131793
 0.76047017024397  0.34195143952732
 0.77588387038522  0.33068923704065
 0.79092945777898  0.31901301345809
 0.80558685704892  0.30692289274520
 0.81983651077945  0.29432632540806
 0.83365940561112  0.28144852766910
 0.84703709761032  0.26814807881659
 0.85995173687900  0.25450700220410
 0.87238609137189  0.24068454020340
 0.88432356988927  0.22663398434591
 0.89574824421463  0.21236218132472
 0.90664487036778  0.19766814718424
 0.91699890894494  0.18279112077354
 0.92679654451867  0.16807509079517
 0.93602470407190  0.15349002036722
 0.94467107444126  0.13904020011541
 0.95272411874657  0.12486574539327
 0.96017309178458  0.11112292679662
 0.96700805436627  0.09784154506319
 0.97321988657880  0.08516965687757
 0.97880029995420  0.07327625761707
 0.98374184852871  0.06218569646092
 0.98803793877796  0.05198180761639
 0.99168283841473  0.04286558581991
 0.99467168403756  0.03489820354773
 0.99700048761997  0.02778003640702
 0.99866614183178  0.02140250387174
 0.99966642418512  0.01609320538578
 1.00000000000000  0.00008941940752
</coords>