<reference>
Airfoil "Interp_102932" created on 26-Apr-2025 14:56:21 for blade project jamiesonsCaseTipDfl
</reference>
<coords>
 1.00000000000000  0.00000000000000
 1.00000000000000 -0.00231721647372
 0.99966642418512 -0.00182035661606
 0.99866614183178 -0.00168390269067
 0.99700048761997 -0.00145922003940
 0.99467168403756 -0.00115046370157
 0.99168283841473 -0.00076353391196
 0.98803793877796 -0.00030618743465
 0.98374184852871  0.00021191787650
 0.97880029995420  0.00077902917658
 0.97321988657880  0.00138120419740
 0.96700805436627  0.00200216240411
 0.96017309178458  0.00262311457800
 0.95272411874657  0.00322259893191
 0.94467107444126  0.00377766733777
 0.93602470407190  0.00427266830371
 0.92679654451867  0.00469795866150
 0.91699890894494  0.00504082217197
 0.90664487036778  0.00526311552062
 0.89574824421463  0.00531474481466
 0.88432356988927  0.00515688301054
 0.87238609137189  0.00476207563777
 0.85995173687900  0.00410465662975
 0.84703709761032  0.00315961883400
 0.83365940561112  0.00189003088103
 0.81983651077945  0.00025334801304
 0.80558685704892 -0.00173942325979
 0.79092945777898 -0.00406975195152
 0.77588387038522 -0.00679498289340
 0.76047017024397 -0.00994553373485
 0.74470892390554 -0.01350635486045
 0.72862116165232 -0.01746092744841
 0.71222834943791 -0.02179224306673
 0.69555236024508 -0.02648576038656
 0.67861544490057 -0.03152476775014
 0.66144020238572 -0.03686622032095
 0.64404954968262 -0.04245829302473
 0.62646669119584 -0.04823912907122
 0.60871508779078 -0.05413949428793
 0.59081842548972 -0.06009510713827
 0.57280058386750 -0.06602998855819
 0.55468560418894 -0.07186450826635
 0.53649765733045 -0.07753825597705
 0.51826101152883 -0.08298383351519
 0.50000000000000 -0.08815433770011
 0.48173898847117 -0.09297183616070
 0.46350234266955 -0.09736737934942
 0.44531439581106 -0.10129747390051
 0.42719941613250 -0.10475154076203
 0.40918157451028 -0.10770954287035
 0.39128491220922 -0.11012828819838
 0.37353330880416 -0.11161410026474
 0.35595045031738 -0.11269973184804
 0.33855979761428 -0.11333342974192
 0.32138455509943 -0.11355655729493
 0.30444763975492 -0.11332520188178
 0.28777165056209 -0.11275202896677
 0.27137883834768 -0.11174760905649
 0.25529107609446 -0.11039008100099
 0.23952982975603 -0.10868477543008
 0.22411612961478 -0.10664488529605
 0.20907054222102 -0.10428145623695
 0.19441314295108 -0.10162638743653
 0.18016348922055 -0.09867612102675
 0.16634059438888 -0.09546511824170
 0.15296290238968 -0.09201810342820
 0.14004826312100 -0.08835308160187
 0.12761390862811 -0.08451889365046
 0.11567643011073 -0.08051804643870
 0.10425175578537 -0.07638323004127
 0.09335512963222 -0.07212887344800
 0.08300109105506 -0.06779463444216
 0.07320345548133 -0.06345853583817
 0.06397529592810 -0.05921369476496
 0.05532892555874 -0.05493460770027
 0.04727588125343 -0.05064666838322
 0.03982690821542 -0.04634863154238
 0.03299194563373 -0.04206059327982
 0.02678011342120 -0.03779547386636
 0.02119970004580 -0.03356700856631
 0.01625815147129 -0.02941265269505
 0.01196206122204 -0.02527672165174
 0.00831716158527 -0.02116834853631
 0.00532831596244 -0.01730031210455
 0.00299951238003 -0.01335107193949
 0.00133385816822 -0.00808642896205
 0.00033357581488 -0.00173912025635
 0.00000000000000  0.00000000000000
 0.00033357581488  0.00195999875603
 0.00133385816822  0.00971054834152
 0.00299951238003  0.01574679655458
 0.00532831596244  0.02083465941698
 0.00831716158527  0.02606610537553
 0.01196206122204  0.03125735947546
 0.01625815147129  0.03652074415379
 0.02119970004580  0.04181488962623
 0.02678011342120  0.04710513158682
 0.03299194563373  0.05237788541480
 0.03982690821542  0.05764372374921
 0.04727588125343  0.06286923730645
 0.05532892555874  0.06804274082687
 0.06397529592810  0.07315217860138
 0.07320345548133  0.07817195221278
 0.08300109105506  0.08308248202099
 0.09335512963222  0.08785908386136
 0.10425175578537  0.09249669904128
 0.11567643011073  0.09696048173255
 0.12761390862811  0.10122313352627
 0.14004826312100  0.10526126606396
 0.15296290238968  0.10917437979737
 0.16634059438888  0.11284027034606
 0.18016348922055  0.11626713080113
 0.19441314295108  0.11936236471210
 0.20907054222102  0.12212176906211
 0.22411612961478  0.12456916657968
 0.23952982975603  0.12663540651404
 0.25529107609446  0.12830201059371
 0.27137883834768  0.12958694050348
 0.28777165056209  0.13050825180036
 0.30444763975492  0.13100054538770
 0.32138455509943  0.13114588188715
 0.33855979761428  0.13090537959858
 0.35595045031738  0.13027144620968
 0.37353330880416  0.12909926384481
 0.39128491220922  0.12755044841302
 0.40918157451028  0.12567358670516
 0.42719941613250  0.12352104577873
 0.44531439581106  0.12105653824413
 0.46350234266955  0.11835825135947
 0.48173898847117  0.11539826944491
 0.50000000000000  0.11223647101751
 0.51826101152883  0.10891248436116
 0.53649765733045  0.10540484965671
 0.55468560418894  0.10176102440511
 0.57280058386750  0.09799431743359
 0.59081842548972  0.09412008216011
 0.60871508779078  0.09016502246175
 0.62646669119584  0.08613675898719
 0.64404954968262  0.08207602929536
 0.66144020238572  0.07801542532520
 0.67861544490057  0.07396329568149
 0.69555236024508  0.06994249426708
 0.71222834943791  0.06597905864161
 0.72862116165232  0.06207185059997
 0.74470892390554  0.05823651012905
 0.76047017024397  0.05450767178505
 0.77588387038522  0.05088648909280
 0.79092945777898  0.04737764325104
 0.80558685704892  0.04399094828093
 0.81983651077945  0.04073596088504
 0.83365940561112  0.03761555446295
 0.84703709761032  0.03462668175587
 0.85995173687900  0.03176826275384
 0.87238609137189  0.02904527065470
 0.88432356988927  0.02647278285231
 0.89574824421463  0.02404677922568
 0.90664487036778  0.02173400203641
 0.91699890894494  0.01952291786318
 0.92679654451867  0.01744256862457
 0.93602470407190  0.01551599325731
 0.94467107444126  0.01373918658098
 0.95272411874657  0.01210105366686
 0.96017309178458  0.01059535324847
 0.96700805436627  0.00922260271727
 0.97321988657880  0.00798375822152
 0.97880029995420  0.00687899520379
 0.98374184852871  0.00590789302278
 0.98803793877796  0.00506961741863
 0.99168283841473  0.00436308586240
 0.99467168403756  0.00378711200005
 0.99700048761997  0.00334054469739
 0.99866614183178  0.00302236774506
 0.99966642418512  0.00283179430523
 1.00000000000000  0.00231721647372
</coords>