<reference>
Airfoil "Interp_097654" created on 26-Apr-2025 14:56:21 for blade project jamiesonsCaseTipDfl
</reference>
<coords>
 1.00000000000000  0.00000000000000
 1.00000000000000 -0.00353813795751
 0.99966642418512 -0.00298545519560
 0.99866614183178 -0.00283115793003
 0.99700048761997 -0.00257700971944
 0.99467168403756 -0.00222758620181
 0.99168283841473 -0.00178939550800
 0.98803793877796 -0.00127100556203
 0.98374184852871 -0.00068312233996
 0.97880029995420 -0.00003881233041
 0.97321988657880  0.00064640929408
 0.96700805436627  0.00135433399436
 0.96017309178458  0.00206388303557
 0.95272411874657  0.00275096030797
 0.94467107444126  0.00338965171803
 0.93602470407190  0.00396264571428
 0.92679654451867  0.00445975313884
 0.91699890894494  0.00486775326754
 0.90664487036778  0.00514480368920
 0.89574824421463  0.00523540684822
 0.88432356988927  0.00509764100445
 0.87238609137189  0.00470411053264
 0.85995173687900  0.00403798955334
 0.84703709761032  0.00309371460104
 0.83365940561112  0.00183752436653
 0.81983651077945  0.00021009567530
 0.80558685704892 -0.00179122680450
 0.79092945777898 -0.00415324715249
 0.77588387038522 -0.00693381744806
 0.76047017024397 -0.01017056298343
 0.74470892390554 -0.01385507875670
 0.72862116165232 -0.01796323107607
 0.71222834943791 -0.02247140640753
 0.69555236024508 -0.02736131402820
 0.67861544490057 -0.03261134757615
 0.66144020238572 -0.03817472918375
 0.64404954968262 -0.04399510255918
 0.62646669119584 -0.05000488985092
 0.60871508779078 -0.05612829323856
 0.59081842548972 -0.06229821122543
 0.57280058386750 -0.06843740143853
 0.55468560418894 -0.07447006339571
 0.53649765733045 -0.08033137445299
 0.51826101152883 -0.08594894946961
 0.50000000000000 -0.09127694504281
 0.48173898847117 -0.09625129158766
 0.46350234266955 -0.10081420613155
 0.44531439581106 -0.10492330342342
 0.42719941613250 -0.10857515099456
 0.40918157451028 -0.11174355770674
 0.39128491220922 -0.11441137723586
 0.37353330880416 -0.11620398030318
 0.35595045031738 -0.11757604323352
 0.33855979761428 -0.11849827403816
 0.32138455509943 -0.11899627722818
 0.30444763975492 -0.11905647617516
 0.28777165056209 -0.11872944198934
 0.27137883834768 -0.11796629267147
 0.25529107609446 -0.11683055606222
 0.23952982975603 -0.11531488420668
 0.22411612961478 -0.11344308559208
 0.20907054222102 -0.11121180198460
 0.19441314295108 -0.10865133543483
 0.18016348922055 -0.10576105451509
 0.16634059438888 -0.10257727113267
 0.15296290238968 -0.09911134651414
 0.14004826312100 -0.09538850197034
 0.12761390862811 -0.09144499759527
 0.11567643011073 -0.08729095263575
 0.10425175578537 -0.08296066623564
 0.09335512963222 -0.07847226432940
 0.08300109105506 -0.07386997523028
 0.07320345548133 -0.06917127785180
 0.06397529592810 -0.06442446548140
 0.05532892555874 -0.05962678612043
 0.04727588125343 -0.05482452188295
 0.03982690821542 -0.05002799631214
 0.03299194563373 -0.04525207837323
 0.02678011342120 -0.04051157963011
 0.02119970004580 -0.03582747791813
 0.01625815147129 -0.03125160058053
 0.01196206122204 -0.02669508614109
 0.00831716158527 -0.02219692179311
 0.00532831596244 -0.01794968467656
 0.00299951238003 -0.01380615772207
 0.00133385816822 -0.00852675084343
 0.00033357581488 -0.00217429749234
 0.00000000000000  0.00000000000000
 0.00033357581488  0.00234589123779
 0.00133385816822  0.01017706668708
 0.00299951238003  0.01622831163912
 0.00532831596244  0.02154842883697
 0.00831716158527  0.02697832305603
 0.01196206122204  0.03240595721716
 0.01625815147129  0.03789758408576
 0.02119970004580  0.04343786724745
 0.02678011342120  0.04895488879310
 0.03299194563373  0.05442788056351
 0.03982690821542  0.05988516943479
 0.04727588125343  0.06528787026209
 0.05532892555874  0.07060948276865
 0.06397529592810  0.07584373930502
 0.07320345548133  0.08096463722833
 0.08300109105506  0.08594652934428
 0.09335512963222  0.09077005905810
 0.10425175578537  0.09541369146399
 0.11567643011073  0.09985117451502
 0.12761390862811  0.10406715927692
 0.14004826312100  0.10803761824642
 0.15296290238968  0.11175212024912
 0.16634059438888  0.11517615265903
 0.18016348922055  0.11831101330003
 0.19441314295108  0.12111533474128
 0.20907054222102  0.12357600584259
 0.22411612961478  0.12569912199661
 0.23952982975603  0.12746026477230
 0.25529107609446  0.12885293300386
 0.27137883834768  0.12988109507856
 0.28777165056209  0.13053187294129
 0.30444763975492  0.13081988704360
 0.32138455509943  0.13076911925702
 0.33855979761428  0.13037137031182
 0.35595045031738  0.12960877666027
 0.37353330880416  0.12835883271296
 0.39128491220922  0.12677531077279
 0.40918157451028  0.12490062316989
 0.42719941613250  0.12275070285042
 0.44531439581106  0.12033996291482
 0.46350234266955  0.11769794608030
 0.48173898847117  0.11483681083142
 0.50000000000000  0.11177126219961
 0.51826101152883  0.10854228562534
 0.53649765733045  0.10515941225874
 0.55468560418894  0.10164567573452
 0.57280058386750  0.09801290340337
 0.59081842548972  0.09428270216929
 0.60871508779078  0.09047832192226
 0.62646669119584  0.08660798593641
 0.64404954968262  0.08270334327954
 0.66144020238572  0.07878881135258
 0.67861544490057  0.07487813510038
 0.69555236024508  0.07099754848627
 0.71222834943791  0.06715821526061
 0.72862116165232  0.06336539906398
 0.74470892390554  0.05963805114358
 0.76047017024397  0.05600188666123
 0.77588387038522  0.05245958213671
 0.79092945777898  0.04901665103470
 0.80558685704892  0.04568248161456
 0.81983651077945  0.04246658176305
 0.83365940561112  0.03937335421113
 0.84703709761032  0.03640244021240
 0.85995173687900  0.03355343542809
 0.87238609137189  0.03083140667675
 0.88432356988927  0.02825106132193
 0.89574824421463  0.02581029650362
 0.90664487036778  0.02348170974881
 0.91699890894494  0.02125556756631
 0.92679654451867  0.01915479768904
 0.93602470407190  0.01719804716694
 0.94467107444126  0.01538388023198
 0.95272411874657  0.01370547079675
 0.96017309178458  0.01215927751499
 0.96700805436627  0.01074634276488
 0.97321988657880  0.00946797442020
 0.97880029995420  0.00832490504295
 0.98374184852871  0.00731741555268
 0.98803793877796  0.00644545152178
 0.99168283841473  0.00570873085268
 0.99467168403756  0.00510683964521
 0.99700048761997  0.00463931894775
 0.99866614183178  0.00430573467886
 0.99966642418512  0.00410573613844
 1.00000000000000  0.00353813795751
</coords>