<reference>
Airfoil "Interp_050146" created on 26-Apr-2025 14:56:21 for blade project jamiesonsCaseTipDfl
</reference>
<coords>
 1.00000000000000  0.00000000000000
 1.00000000000000 -0.01154507780633
 0.99966642418512 -0.01103417688493
 0.99866614183178 -0.01082823135254
 0.99700048761997 -0.01049019363066
 0.99467168403756 -0.01002795893788
 0.99168283841473 -0.00945269679094
 0.98803793877796 -0.00877904576008
 0.98374184852871 -0.00802527475696
 0.97880029995420 -0.00721349449210
 0.97321988657880 -0.00636990981531
 0.96700805436627 -0.00552506185511
 0.96017309178458 -0.00471402350558
 0.95272411874657 -0.00397283257344
 0.94467107444126 -0.00333415767808
 0.93602470407190 -0.00282610689178
 0.92679654451867 -0.00244759004863
 0.91699890894494 -0.00218902029351
 0.90664487036778 -0.00216477751801
 0.89574824421463 -0.00255064363881
 0.88432356988927 -0.00333292062378
 0.87238609137189 -0.00445459354644
 0.85995173687900 -0.00596466306790
 0.84703709761032 -0.00790166596765
 0.83365940561112 -0.01027674706450
 0.81983651077945 -0.01308916518319
 0.80558685704892 -0.01635940418050
 0.79092945777898 -0.02009085930909
 0.77588387038522 -0.02427829726760
 0.76047017024397 -0.02894589920284
 0.74470892390554 -0.03406848871651
 0.72862116165232 -0.03961818374400
 0.71222834943791 -0.04555249883602
 0.69555236024508 -0.05182848328189
 0.67861544490057 -0.05840945770156
 0.66144020238572 -0.06522994110068
 0.64404954968262 -0.07222199700630
 0.62646669119584 -0.07932954150216
 0.60871508779078 -0.08648076561742
 0.59081842548972 -0.09360562283055
 0.57280058386750 -0.10065660076022
 0.55468560418894 -0.10753952677706
 0.53649765733045 -0.11419869045287
 0.51826101152883 -0.12057078325279
 0.50000000000000 -0.12662520806210
 0.48173898847117 -0.13232261246476
 0.46350234266955 -0.13763017274026
 0.44531439581106 -0.14252358452231
 0.42719941613250 -0.14696528505983
 0.40918157451028 -0.15093655081374
 0.39128491220922 -0.15445268437739
 0.37353330880416 -0.15828185085242
 0.35595045031738 -0.16139011191135
 0.33855979761428 -0.16343800757320
 0.32138455509943 -0.16445108626774
 0.30444763975492 -0.16442762884246
 0.28777165056209 -0.16481875782851
 0.27137883834768 -0.16468738704072
 0.25529107609446 -0.16407738453299
 0.23952982975603 -0.16299884492488
 0.22411612961478 -0.16144384322210
 0.20907054222102 -0.15944231420098
 0.19441314295108 -0.15699042201739
 0.18016348922055 -0.15411103769807
 0.16634059438888 -0.15081217136970
 0.15296290238968 -0.14712968263331
 0.14004826312100 -0.14304715913625
 0.12761390862811 -0.13859941039460
 0.11567643011073 -0.13378929251992
 0.10425175578537 -0.12865272176060
 0.09335512963222 -0.12318935801681
 0.08300109105506 -0.11741385589775
 0.07320345548133 -0.11133944090550
 0.06397529592810 -0.10498646871232
 0.05532892555874 -0.09837370752398
 0.04727588125343 -0.09154176383436
 0.03982690821542 -0.08451394300693
 0.03299194563373 -0.07728678805390
 0.02678011342120 -0.06987772410579
 0.02119970004580 -0.06227558673554
 0.01625815147129 -0.05457115419558
 0.01196206122204 -0.04688805650106
 0.00831716158527 -0.03919895455824
 0.00532831596244 -0.03126284315893
 0.00299951238003 -0.02294836754555
 0.00133385816822 -0.01421792303122
 0.00033357581488 -0.00638112298672
 0.00000000000000  0.00000000000000
 0.00033357581488  0.00633311899001
 0.00133385816822  0.01429782551009
 0.00299951238003  0.02342257424141
 0.00532831596244  0.03265411737522
 0.00831716158527  0.04105482983297
 0.01196206122204  0.04903291996038
 0.01625815147129  0.05702033346525
 0.02119970004580  0.06500738123993
 0.02678011342120  0.07290518040725
 0.03299194563373  0.08062226294446
 0.03982690821542  0.08813692091871
 0.04727588125343  0.09542394539444
 0.05532892555874  0.10246184376462
 0.06397529592810  0.10922321829370
 0.07320345548133  0.11568494049142
 0.08300109105506  0.12181931532653
 0.09335512963222  0.12761219026652
 0.10425175578537  0.13303811554908
 0.11567643011073  0.13806381396905
 0.12761390862811  0.14270710594095
 0.14004826312100  0.14694686342823
 0.15296290238968  0.15075324176426
 0.16634059438888  0.15411809687547
 0.18016348922055  0.15704210783631
 0.19441314295108  0.15950967608156
 0.20907054222102  0.16153173547788
 0.22411612961478  0.16313286932539
 0.23952982975603  0.16431332328207
 0.25529107609446  0.16506370049319
 0.27137883834768  0.16542424874841
 0.28777165056209  0.16549177892591
 0.30444763975492  0.16589776886657
 0.32138455509943  0.16564769694239
 0.33855979761428  0.16467664855468
 0.35595045031738  0.16303671930776
 0.37353330880416  0.16080941322316
 0.39128491220922  0.15806557253647
 0.40918157451028  0.15488234881449
 0.42719941613250  0.15146779592864
 0.44531439581106  0.14847889875150
 0.46350234266955  0.14521026299320
 0.48173898847117  0.14175433941918
 0.50000000000000  0.13812627849093
 0.51826101152883  0.13433285903128
 0.53649765733045  0.13040380569185
 0.55468560418894  0.12635728837860
 0.57280058386750  0.12220860405012
 0.59081842548972  0.11797399961618
 0.60871508779078  0.11368498680528
 0.62646669119584  0.10934220582321
 0.64404954968262  0.10497554961281
 0.66144020238572  0.10058748816277
 0.67861544490057  0.09620021271725
 0.69555236024508  0.09182927697440
 0.71222834943791  0.08747671573971
 0.72862116165232  0.08316658318632
 0.74470892390554  0.07891311250135
 0.76047017024397  0.07472734900889
 0.77588387038522  0.07062255438165
 0.79092945777898  0.06660837239677
 0.80558685704892  0.06269184750932
 0.81983651077945  0.05887971700629
 0.83365940561112  0.05518219004522
 0.84703709761032  0.05161208112440
 0.85995173687900  0.04818095574695
 0.87238609137189  0.04489189605598
 0.88432356988927  0.04174059876417
 0.89574824421463  0.03873724047433
 0.90664487036778  0.03589140338691
 0.91699890894494  0.03320633138272
 0.92679654451867  0.03068626961160
 0.93602470407190  0.02833278752709
 0.94467107444126  0.02613450065210
 0.95272411874657  0.02408220630894
 0.96017309178458  0.02217953665066
 0.96700805436627  0.02043254644387
 0.97321988657880  0.01884468913943
 0.97880029995420  0.01741777150460
 0.98374184852871  0.01615356041090
 0.98803793877796  0.01505378759315
 0.99168283841473  0.01412008853749
 0.99467168403756  0.01335394709202
 0.99700048761997  0.01275664689646
 0.99866614183178  0.01232923047511
 0.99966642418512  0.01207246649162
 1.00000000000000  0.01154507780633
</coords>