<reference>
Airfoil "Interp_092375" created on 26-Apr-2025 14:56:21 for blade project jamiesonsCaseTipDfl
</reference>
<coords>
 1.00000000000000  0.00000000000000
 1.00000000000000 -0.00453515932164
 0.99966642418512 -0.00401988488935
 0.99866614183178 -0.00385421940463
 0.99700048761997 -0.00358137557234
 0.99467168403756 -0.00320629750354
 0.99168283841473 -0.00273599076073
 0.98803793877796 -0.00217962492076
 0.98374184852871 -0.00154861785704
 0.97880029995420 -0.00085677649328
 0.97321988657880 -0.00012042298249
 0.96700805436627  0.00064142347303
 0.96017309178458  0.00140695660546
 0.95272411874657  0.00215131962898
 0.94467107444126  0.00284894905818
 0.93602470407190  0.00348318903889
 0.92679654451867  0.00404306386330
 0.91699890894494  0.00450768263816
 0.90664487036778  0.00482321780426
 0.89574824421463  0.00492598233518
 0.88432356988927  0.00477622067717
 0.87238609137189  0.00434786127712
 0.85995173687900  0.00363203120449
 0.84703709761032  0.00263277915789
 0.83365940561112  0.00135104562486
 0.81983651077945 -0.00022733969116
 0.80558685704892 -0.00217127986732
 0.79092945777898 -0.00454132501200
 0.77588387038522 -0.00736152125822
 0.76047017024397 -0.01063470145107
 0.74470892390554 -0.01435070396524
 0.72862116165232 -0.01849178331699
 0.71222834943791 -0.02303632390487
 0.69555236024508 -0.02796352022904
 0.67861544490057 -0.03324373229289
 0.66144020238572 -0.03882817976537
 0.64404954968262 -0.04465960694112
 0.62646669119584 -0.05066788433958
 0.60871508779078 -0.05678589244618
 0.59081842548972 -0.06294137557424
 0.57280058386750 -0.06905724153572
 0.55468560418894 -0.07506379077528
 0.53649765733045 -0.08089098508195
 0.51826101152883 -0.08647657909572
 0.50000000000000 -0.09176656538350
 0.48173898847117 -0.09669553561491
 0.46350234266955 -0.10121459954983
 0.44531439581106 -0.10529821183277
 0.42719941613250 -0.10894248736077
 0.40918157451028 -0.11208675871447
 0.39128491220922 -0.11509294524523
 0.37353330880416 -0.11765648432501
 0.35595045031738 -0.11969664776728
 0.33855979761428 -0.12124057743072
 0.32138455509943 -0.12230096846444
 0.30444763975492 -0.12290668200174
 0.28777165056209 -0.12304517264282
 0.27137883834768 -0.12276266691958
 0.25529107609446 -0.12206256279420
 0.23952982975603 -0.12096930409752
 0.22411612961478 -0.11948721633681
 0.20907054222102 -0.11763491289538
 0.19441314295108 -0.11541973286372
 0.18016348922055 -0.11286305560205
 0.16634059438888 -0.10975797839873
 0.15296290238968 -0.10630038314127
 0.14004826312100 -0.10253586659075
 0.12761390862811 -0.09847962978516
 0.11567643011073 -0.09416311912627
 0.10425175578537 -0.08961104290173
 0.09335512963222 -0.08486938414579
 0.08300109105506 -0.07995177149472
 0.07320345548133 -0.07490248395410
 0.06397529592810 -0.06973533119163
 0.05532892555874 -0.06450471554588
 0.04727588125343 -0.05923768606674
 0.03982690821542 -0.05395376164819
 0.03299194563373 -0.04867199646509
 0.02678011342120 -0.04343171257053
 0.02119970004580 -0.03828397322608
 0.01625815147129 -0.03320597571028
 0.01196206122204 -0.02817302747842
 0.00831716158527 -0.02317924730864
 0.00532831596244 -0.01869140515175
 0.00299951238003 -0.01394531663427
 0.00133385816822 -0.00837600735957
 0.00033357581488 -0.00268113714046
 0.00000000000000  0.00000000000000
 0.00033357581488  0.00293233691539
 0.00133385816822  0.00995461234091
 0.00299951238003  0.01624601672873
 0.00532831596244  0.02187106157333
 0.00831716158527  0.02756044797854
 0.01196206122204  0.03319500250679
 0.01625815147129  0.03896528070169
 0.02119970004580  0.04480594861411
 0.02678011342120  0.05064111242478
 0.03299194563373  0.05639901793245
 0.03982690821542  0.06208848454309
 0.04727588125343  0.06771109095739
 0.05532892555874  0.07322877217061
 0.06397529592810  0.07861079005653
 0.07320345548133  0.08385250433504
 0.08300109105506  0.08892355042331
 0.09335512963222  0.09379999223884
 0.10425175578537  0.09846280940319
 0.11567643011073  0.10287778120470
 0.12761390862811  0.10703566134148
 0.14004826312100  0.11092180132697
 0.15296290238968  0.11450857025864
 0.16634059438888  0.11776591257784
 0.18016348922055  0.12068294026718
 0.19441314295108  0.12310356575455
 0.20907054222102  0.12520553821669
 0.22411612961478  0.12698530886783
 0.23952982975603  0.12843630727136
 0.25529107609446  0.12956411375482
 0.27137883834768  0.13035206399654
 0.28777165056209  0.13078361511728
 0.30444763975492  0.13083456231810
 0.32138455509943  0.13053843038700
 0.33855979761428  0.12984630851281
 0.35595045031738  0.12875813593821
 0.37353330880416  0.12738970915549
 0.39128491220922  0.12584735750206
 0.40918157451028  0.12400719115197
 0.42719941613250  0.12191483732562
 0.44531439581106  0.11956747084345
 0.46350234266955  0.11698967787848
 0.48173898847117  0.11420391527639
 0.50000000000000  0.11121856045977
 0.51826101152883  0.10806220548143
 0.53649765733045  0.10475885511145
 0.55468560418894  0.10132479686914
 0.57280058386750  0.09777725005505
 0.59081842548972  0.09413101796465
 0.60871508779078  0.09040906082311
 0.62646669119584  0.08662587329808
 0.64404954968262  0.08279739238884
 0.66144020238572  0.07895504012039
 0.67861544490057  0.07511084173897
 0.69555236024508  0.07128758112915
 0.71222834943791  0.06750230945003
 0.72862116165232  0.06376210405778
 0.74470892390554  0.06007750726465
 0.76047017024397  0.05647314284660
 0.77588387038522  0.05295914357568
 0.79092945777898  0.04953905056009
 0.80558685704892  0.04622237157404
 0.81983651077945  0.04301856278037
 0.83365940561112  0.03993279760267
 0.84703709761032  0.03696465516774
 0.85995173687900  0.03411827638223
 0.87238609137189  0.03139910757644
 0.88432356988927  0.02880564362950
 0.89574824421463  0.02634034795029
 0.90664487036778  0.02402594583055
 0.91699890894494  0.02187669113499
 0.92679654451867  0.01987120030313
 0.93602470407190  0.01798623021501
 0.94467107444126  0.01621803907587
 0.95272411874657  0.01457269800476
 0.96017309178458  0.01305453472005
 0.96700805436627  0.01166497966412
 0.97321988657880  0.01040473324312
 0.97880029995420  0.00927453351674
 0.98374184852871  0.00827512736351
 0.98803793877796  0.00740724473426
 0.99168283841473  0.00667157331322
 0.99467168403756  0.00606873626689
 0.99700048761997  0.00559927151409
 0.99866614183178  0.00526361584062
 0.99966642418512  0.00506209097025
 1.00000000000000  0.00453515932164
</coords>