<reference>
Airfoil "Interp_084457" created on 26-Apr-2025 14:56:21 for blade project jamiesonsCaseTipDfl
</reference>
<coords>
 1.00000000000000  0.00000000000000
 1.00000000000000 -0.00600487722666
 0.99966642418512 -0.00565056493963
 0.99866614183178 -0.00547524914628
 0.99700048761997 -0.00518693506445
 0.99467168403756 -0.00479143156443
 0.99168283841473 -0.00429684090776
 0.98803793877796 -0.00371353727342
 0.98374184852871 -0.00305415488392
 0.97880029995420 -0.00233352717399
 0.97321988657880 -0.00156865038070
 0.96700805436627 -0.00077869725706
 0.96017309178458  0.00001512161379
 0.95272411874657  0.00079012029078
 0.94467107444126  0.00152563942721
 0.93602470407190  0.00220236664785
 0.92679654451867  0.00278918627726
 0.91699890894494  0.00323030266121
 0.90664487036778  0.00346639367418
 0.89574824421463  0.00345406583036
 0.88432356988927  0.00315840062634
 0.87238609137189  0.00256012727527
 0.85995173687900  0.00163288584684
 0.84703709761032  0.00034658692413
 0.83365940561112 -0.00125582435861
 0.81983651077945 -0.00315581627068
 0.80558685704892 -0.00544479543413
 0.79092945777898 -0.00816591447949
 0.77588387038522 -0.01135672482107
 0.76047017024397 -0.01504732030675
 0.74470892390554 -0.01919829287936
 0.72862116165232 -0.02377715346028
 0.71222834943791 -0.02877326020308
 0.69555236024508 -0.03415491553480
 0.67861544490057 -0.03988381970142
 0.66144020238572 -0.04592075575163
 0.64404954968262 -0.05219549146694
 0.62646669119584 -0.05863726611737
 0.60871508779078 -0.06517227353894
 0.59081842548972 -0.07172700085834
 0.57280058386750 -0.07821699381476
 0.55468560418894 -0.08456705244247
 0.53649765733045 -0.09070830430140
 0.51826101152883 -0.09658330711050
 0.50000000000000 -0.10213760453958
 0.48173898847117 -0.10733251603647
 0.46350234266955 -0.11191317415160
 0.44531439581106 -0.11586129317615
 0.42719941613250 -0.11942174947034
 0.40918157451028 -0.12255872376175
 0.39128491220922 -0.12529085971428
 0.37353330880416 -0.12760538319819
 0.35595045031738 -0.12950905840146
 0.33855979761428 -0.13100099508875
 0.32138455509943 -0.13210138803878
 0.30444763975492 -0.13280409516150
 0.28777165056209 -0.13312610248251
 0.27137883834768 -0.13306746784844
 0.25529107609446 -0.13263977861447
 0.23952982975603 -0.13178709841832
 0.22411612961478 -0.13007034613168
 0.20907054222102 -0.12792187238607
 0.19441314295108 -0.12535632827122
 0.18016348922055 -0.12239240886216
 0.16634059438888 -0.11904054997409
 0.15296290238968 -0.11533120504052
 0.14004826312100 -0.11129193392024
 0.12761390862811 -0.10693063545377
 0.11567643011073 -0.10228842861159
 0.10425175578537 -0.09738169401441
 0.09335512963222 -0.09225658398592
 0.08300109105506 -0.08693802589412
 0.07320345548133 -0.08146147432520
 0.06397529592810 -0.07584734819518
 0.05532892555874 -0.07012390887009
 0.04727588125343 -0.06436301088800
 0.03982690821542 -0.05867663340171
 0.03299194563373 -0.05300744756385
 0.02678011342120 -0.04736414855779
 0.02119970004580 -0.04176050138209
 0.01625815147129 -0.03622677810288
 0.01196206122204 -0.03084652546204
 0.00831716158527 -0.02546119946967
 0.00532831596244 -0.02018678812007
 0.00299951238003 -0.01504312183623
 0.00133385816822 -0.01034569003413
 0.00033357581488 -0.00466375175200
 0.00000000000000  0.00000000000000
 0.00033357581488  0.00515807361364
 0.00133385816822  0.01173410975701
 0.00299951238003  0.01768531251401
 0.00532831596244  0.02359742036462
 0.00831716158527  0.02942364576465
 0.01196206122204  0.03534249554947
 0.01625815147129  0.04131323834638
 0.02119970004580  0.04726293115687
 0.02678011342120  0.05314232434003
 0.03299194563373  0.05916646786653
 0.03982690821542  0.06525005373637
 0.04727588125343  0.07117359546098
 0.05532892555874  0.07695403550506
 0.06397529592810  0.08256996967514
 0.07320345548133  0.08801298579362
 0.08300109105506  0.09326852966054
 0.09335512963222  0.09829818043604
 0.10425175578537  0.10308948700963
 0.11567643011073  0.10761756911633
 0.12761390862811  0.11186156580337
 0.14004826312100  0.11579965089552
 0.15296290238968  0.11941518994131
 0.16634059438888  0.12267568452384
 0.18016348922055  0.12559327079084
 0.19441314295108  0.12813711279524
 0.20907054222102  0.13030181904056
 0.22411612961478  0.13207497578704
 0.23952982975603  0.13350441443223
 0.25529107609446  0.13421797050600
 0.27137883834768  0.13451815891218
 0.28777165056209  0.13456285909478
 0.30444763975492  0.13435814700887
 0.32138455509943  0.13390784886736
 0.33855979761428  0.13320742166758
 0.35595045031738  0.13225697380912
 0.37353330880416  0.13106208929446
 0.39128491220922  0.12963161021890
 0.40918157451028  0.12795740057273
 0.42719941613250  0.12604788093761
 0.44531439581106  0.12378620591556
 0.46350234266955  0.12117870453923
 0.48173898847117  0.11836788827452
 0.50000000000000  0.11536852649903
 0.51826101152883  0.11221633218781
 0.53649765733045  0.10892092856386
 0.55468560418894  0.10549747180550
 0.57280058386750  0.10197083323841
 0.59081842548972  0.09835777630576
 0.60871508779078  0.09465930132417
 0.62646669119584  0.09090850840595
 0.64404954968262  0.08711580489024
 0.66144020238572  0.08329992206734
 0.67861544490057  0.07946597341095
 0.69555236024508  0.07564415550833
 0.71222834943791  0.07183684341341
 0.72862116165232  0.06806336177994
 0.74470892390554  0.06433625373063
 0.76047017024397  0.06067060328272
 0.77588387038522  0.05708083701079
 0.79092945777898  0.05357279870453
 0.80558685704892  0.05015164326877
 0.81983651077945  0.04683080091380
 0.83365940561112  0.04362363199568
 0.84703709761032  0.04052923697391
 0.85995173687900  0.03754923757068
 0.87238609137189  0.03469866998717
 0.88432356988927  0.03197902208713
 0.89574824421463  0.02939090889160
 0.90664487036778  0.02694385902761
 0.91699890894494  0.02463152066234
 0.92679654451867  0.02243608594051
 0.93602470407190  0.02036339566259
 0.94467107444126  0.01843160770995
 0.95272411874657  0.01664582655008
 0.96017309178458  0.01500151295440
 0.96700805436627  0.01349617847243
 0.97321988657880  0.01213112726429
 0.97880029995420  0.01090803446564
 0.98374184852871  0.00982801558281
 0.98803793877796  0.00889174701758
 0.99168283841473  0.00809957042441
 0.99467168403756  0.00745159945562
 0.99700048761997  0.00694779996395
 0.99866614183178  0.00658806859647
 0.99966642418512  0.00637228849830
 1.00000000000000  0.00600487722666
</coords>