<reference>
Airfoil "Interp_015835" created on 26-Apr-2025 14:56:21 for blade project jamiesonsCaseTipDfl
</reference>
<coords>
 1.00000000000000  0.00000000000000
 0.99966642418512 -0.00662485669797
 0.99866614183178 -0.01082392156881
 0.99700048761997 -0.01494533638307
 0.99467168403756 -0.01895477172173
 0.99168283841473 -0.02289401154717
 0.98803793877796 -0.02684023530452
 0.98374184852871 -0.03091760790217
 0.97880029995420 -0.03533848338739
 0.97321988657880 -0.04048423927694
 0.96700805436627 -0.04664280404823
 0.96017309178458 -0.05389748629609
 0.95272411874657 -0.06225945233945
 0.94467107444126 -0.07168626082657
 0.93602470407190 -0.08206147641552
 0.92679654451867 -0.09327727845921
 0.91699890894494 -0.10523629724487
 0.90664487036778 -0.11788016628977
 0.89574824421463 -0.13107039993896
 0.88432356988927 -0.14452746601356
 0.87238609137189 -0.15839071144478
 0.85995173687900 -0.17266861543758
 0.84703709761032 -0.18685668556507
 0.83365940561112 -0.20095226720958
 0.81983651077945 -0.21494871239317
 0.80558685704892 -0.22865510545946
 0.79092945777898 -0.24189129186426
 0.77588387038522 -0.25477078952612
 0.76047017024397 -0.26722366256059
 0.74470892390554 -0.27915355808857
 0.72862116165232 -0.29054540901062
 0.71222834943791 -0.30141419420132
 0.69555236024508 -0.31175703962064
 0.67861544490057 -0.32160443324963
 0.66144020238572 -0.33090154707876
 0.64404954968262 -0.33955535288070
 0.62646669119584 -0.34771228368010
 0.60871508779078 -0.35553235634387
 0.59081842548972 -0.36247998046822
 0.57280058386750 -0.36892510400554
 0.55468560418894 -0.37454770811492
 0.53649765733045 -0.37941552903555
 0.51826101152883 -0.38368585767309
 0.50000000000000 -0.38732220854086
 0.48173898847117 -0.39015850607381
 0.46350234266955 -0.39232764263002
 0.44531439581106 -0.39387984812882
 0.42719941613250 -0.39456236745133
 0.40918157451028 -0.39467060690477
 0.39128491220922 -0.39412877260533
 0.37353330880416 -0.39293517532595
 0.35595045031738 -0.39086416061365
 0.33855979761428 -0.38821593346706
 0.32138455509943 -0.38501662296183
 0.30444763975492 -0.38106835863108
 0.28777165056209 -0.37656350429634
 0.27137883834768 -0.37130458515125
 0.25529107609446 -0.36547949881570
 0.23952982975603 -0.35894546452754
 0.22411612961478 -0.35182463489493
 0.20907054222102 -0.34404951233304
 0.19441314295108 -0.33565388802777
 0.18016348922055 -0.32661954084770
 0.16634059438888 -0.31699068164880
 0.15296290238968 -0.30664367786096
 0.14004826312100 -0.29576410714712
 0.12761390862811 -0.28420064050390
 0.11567643011073 -0.27226334710230
 0.10425175578537 -0.25990766748742
 0.09335512963222 -0.24711741393904
 0.08300109105506 -0.23380365266693
 0.07320345548133 -0.22014747116756
 0.06397529592810 -0.20592403100015
 0.05532892555874 -0.19162462527495
 0.04727588125343 -0.17713999454411
 0.03982690821542 -0.16271862953432
 0.03299194563373 -0.14807868376816
 0.02678011342120 -0.13312854900779
 0.02119970004580 -0.11779827477197
 0.01625815147129 -0.10231233252011
 0.01196206122204 -0.08710205565739
 0.00831716158527 -0.07206828286228
 0.00532831596244 -0.05741756232250
 0.00299951238003 -0.04290899380164
 0.00133385816822 -0.02815087166131
 0.00033357581488 -0.01608036191590
 0.00000000000000  0.00000000000000
 0.00033357581488  0.01225165057321
 0.00133385816822  0.02694028689788
 0.00299951238003  0.04129009249039
 0.00532831596244  0.05609888108096
 0.00831716158527  0.07052377609428
 0.01196206122204  0.08570971899356
 0.01625815147129  0.10062038360765
 0.02119970004580  0.11621379047275
 0.02678011342120  0.13153337227270
 0.03299194563373  0.14644587849741
 0.03982690821542  0.16091486279464
 0.04727588125343  0.17520210917597
 0.05532892555874  0.18942403932847
 0.06397529592810  0.20353590867714
 0.07320345548133  0.21754837755367
 0.08300109105506  0.23108828787575
 0.09335512963222  0.24434200404138
 0.10425175578537  0.25734310879851
 0.11567643011073  0.26981929775717
 0.12761390862811  0.28200900670237
 0.14004826312100  0.29375660567133
 0.15296290238968  0.30493847051768
 0.16634059438888  0.31550774863108
 0.18016348922055  0.32549257478144
 0.19441314295108  0.33482117738647
 0.20907054222102  0.34360862769754
 0.22411612961478  0.35172107747352
 0.23952982975603  0.35921636306658
 0.25529107609446  0.36605721235047
 0.27137883834768  0.37226902547546
 0.28777165056209  0.37781899934831
 0.30444763975492  0.38249038652583
 0.32138455509943  0.38647968534155
 0.33855979761428  0.38971857038354
 0.35595045031738  0.39232577663966
 0.37353330880416  0.39410154684681
 0.39128491220922  0.39521385556730
 0.40918157451028  0.39556214582658
 0.42719941613250  0.39526449428469
 0.44531439581106  0.39409178023333
 0.46350234266955  0.39230005654679
 0.48173898847117  0.38996098773941
 0.50000000000000  0.38663925153502
 0.51826101152883  0.38289597201740
 0.53649765733045  0.37844470184216
 0.55468560418894  0.37332650609304
 0.57280058386750  0.36753574685707
 0.59081842548972  0.36130202678771
 0.60871508779078  0.35457630827338
 0.62646669119584  0.34734252602854
 0.64404954968262  0.33954710159790
 0.66144020238572  0.33119075895287
 0.67861544490057  0.32244055898714
 0.69555236024508  0.31323361518821
 0.71222834943791  0.30361820807737
 0.72862116165232  0.29369255578471
 0.74470892390554  0.28335630353903
 0.76047017024397  0.27259888215127
 0.77588387038522  0.26167680873243
 0.79092945777898  0.25033955780334
 0.80558685704892  0.23874859025920
 0.81983651077945  0.22706871448528
 0.83365940561112  0.21523410486182
 0.84703709761032  0.20326517465097
 0.85995173687900  0.19097554997253
 0.87238609137189  0.17841996653943
 0.88432356988927  0.16603722766110
 0.89574824421463  0.15386413511292
 0.90664487036778  0.14184178503051
 0.91699890894494  0.12996833959922
 0.92679654451867  0.11840309852526
 0.93602470407190  0.10726058361641
 0.94467107444126  0.09651758301370
 0.95272411874657  0.08622689905512
 0.96017309178458  0.07649881274024
 0.96700805436627  0.06734480082811
 0.97321988657880  0.05873333696001
 0.97880029995420  0.05071768879340
 0.98374184852871  0.04341968852218
 0.98803793877796  0.03689938973604
 0.99168283841473  0.03093634593203
 0.99467168403756  0.02532226262568
 0.99700048761997  0.01994968656827
 0.99866614183178  0.01479099552615
 0.99966642418512  0.01001339482271
</coords>