<reference>
Airfoil "Interp_108211" created on 26-Apr-2025 14:56:21 for blade project jamiesonsCaseTipDfl
</reference>
<coords>
 1.00000000000000  0.00000000000000
 1.00000000000000 -0.00118566292217
 0.99966642418512 -0.00080691280930
 0.99866614183178 -0.00068895590327
 0.99700048761997 -0.00049480275659
 0.99467168403756 -0.00022814545521
 0.99168283841473  0.00010578742834
 0.98803793877796  0.00050016540711
 0.98374184852871  0.00094650879383
 0.97880029995420  0.00143458186577
 0.97321988657880  0.00195230646257
 0.96700805436627  0.00248566189316
 0.96017309178458  0.00301859582806
 0.95272411874657  0.00353290167887
 0.94467107444126  0.00400941882615
 0.93602470407190  0.00443550195159
 0.92679654451867  0.00480357068894
 0.91699890894494  0.00509989956235
 0.90664487036778  0.00527974818017
 0.89574824421463  0.00528568823315
 0.88432356988927  0.00508369004549
 0.87238609137189  0.00465762442297
 0.85995173687900  0.00398538334380
 0.84703709761032  0.00303922135589
 0.83365940561112  0.00180105368553
 0.81983651077945  0.00026010007718
 0.80558685704892 -0.00159875977688
 0.79092945777898 -0.00379652075245
 0.77588387038522 -0.00636291114524
 0.76047017024397 -0.00929542749414
 0.74470892390554 -0.01257432420408
 0.72862116165232 -0.01620305116518
 0.71222834943791 -0.02017382997174
 0.69555236024508 -0.02447646889891
 0.67861544490057 -0.02910080425571
 0.66144020238572 -0.03401256564382
 0.64404954968262 -0.03917022763590
 0.62646669119584 -0.04452552426790
 0.60871508779078 -0.05002443021443
 0.59081842548972 -0.05560858303687
 0.57280058386750 -0.06120491527322
 0.55468560418894 -0.06673304222949
 0.53649765733045 -0.07214174792124
 0.51826101152883 -0.07737357769421
 0.50000000000000 -0.08237298472885
 0.48173898847117 -0.08704099274808
 0.46350234266955 -0.09129583599148
 0.44531439581106 -0.09509336087965
 0.42719941613250 -0.09840814090291
 0.40918157451028 -0.10122596619828
 0.39128491220922 -0.10353698185734
 0.37353330880416 -0.10532717514099
 0.35595045031738 -0.10664018801365
 0.33855979761428 -0.10748753392629
 0.32138455509943 -0.10788869653813
 0.30444763975492 -0.10778687028830
 0.28777165056209 -0.10735635076011
 0.27137883834768 -0.10646684872282
 0.25529107609446 -0.10521815759827
 0.23952982975603 -0.10362504805198
 0.22411612961478 -0.10168798823873
 0.20907054222102 -0.09944582490667
 0.19441314295108 -0.09691505170459
 0.18016348922055 -0.09409523126490
 0.16634059438888 -0.09102783987423
 0.15296290238968 -0.08773523987013
 0.14004826312100 -0.08424336398404
 0.12761390862811 -0.08059553227178
 0.11567643011073 -0.07679442891303
 0.10425175578537 -0.07286124898133
 0.09335512963222 -0.06882198449207
 0.08300109105506 -0.06470145119835
 0.07320345548133 -0.06063153235494
 0.06397529592810 -0.05655104582605
 0.05532892555874 -0.05244931144637
 0.04727588125343 -0.04832529421812
 0.03982690821542 -0.04418838625253
 0.03299194563373 -0.04006121942172
 0.02678011342120 -0.03596292117319
 0.02119970004580 -0.03190698067687
 0.01625815147129 -0.02789699817255
 0.01196206122204 -0.02398339125745
 0.00831716158527 -0.02005500179111
 0.00532831596244 -0.01648873796981
 0.00299951238003 -0.01253032969560
 0.00133385816822 -0.00698174608116
 0.00033357581488 -0.00167608140367
 0.00000000000000  0.00000000000000
 0.00033357581488  0.00156140419553
 0.00133385816822  0.00791467854812
 0.00299951238003  0.01416166572297
 0.00532831596244  0.01907713913761
 0.00831716158527  0.02410710095073
 0.01196206122204  0.02920024296967
 0.01625815147129  0.03441145715418
 0.02119970004580  0.03966014648839
 0.02678011342120  0.04493731905497
 0.03299194563373  0.05024297968102
 0.03982690821542  0.05555392760170
 0.04727588125343  0.06084312416403
 0.05532892555874  0.06609054389420
 0.06397529592810  0.07129416861350
 0.07320345548133  0.07642347900981
 0.08300109105506  0.08145071001162
 0.09335512963222  0.08635598286291
 0.10425175578537  0.09112910422956
 0.11567643011073  0.09575320496472
 0.12761390862811  0.10017843641955
 0.14004826312100  0.10436871415520
 0.15296290238968  0.10841040790532
 0.16634059438888  0.11221828625799
 0.18016348922055  0.11579344042580
 0.19441314295108  0.11904030120451
 0.20907054222102  0.12193791184348
 0.22411612961478  0.12453207904140
 0.23952982975603  0.12674286021562
 0.25529107609446  0.12849472284118
 0.27137883834768  0.12982871302162
 0.28777165056209  0.13080384411988
 0.30444763975492  0.13127095651678
 0.32138455509943  0.13133338836394
 0.33855979761428  0.13094239090392
 0.35595045031738  0.13011707249528
 0.37353330880416  0.12890906069546
 0.39128491220922  0.12730378702590
 0.40918157451028  0.12534391464040
 0.42719941613250  0.12313228340930
 0.44531439581106  0.12054745421864
 0.46350234266955  0.11774074540702
 0.48173898847117  0.11462407050191
 0.50000000000000  0.11131545980722
 0.51826101152883  0.10786708788608
 0.53649765733045  0.10420223919693
 0.55468560418894  0.10040243627948
 0.57280058386750  0.09648678873865
 0.59081842548972  0.09245965842984
 0.60871508779078  0.08834894168014
 0.62646669119584  0.08416334828343
 0.64404954968262  0.07995159378752
 0.66144020238572  0.07575838507383
 0.67861544490057  0.07158424308421
 0.69555236024508  0.06744253544515
 0.71222834943791  0.06338110856451
 0.72862116165232  0.05939214338719
 0.74470892390554  0.05548204643685
 0.76047017024397  0.05169646035798
 0.77588387038522  0.04803487080550
 0.79092945777898  0.04450077690985
 0.80558685704892  0.04110567212588
 0.81983651077945  0.03785945430032
 0.83365940561112  0.03476017848406
 0.84703709761032  0.03179954737327
 0.85995173687900  0.02897953903259
 0.87238609137189  0.02630475579397
 0.88432356988927  0.02377984582949
 0.89574824421463  0.02140460054170
 0.90664487036778  0.01917158296678
 0.91699890894494  0.01707748000837
 0.92679654451867  0.01512805110881
 0.93602470407190  0.01332671023515
 0.94467107444126  0.01166666295334
 0.95272411874657  0.01013906876467
 0.96017309178458  0.00873864927641
 0.96700805436627  0.00746522436554
 0.97321988657880  0.00631885258122
 0.97880029995420  0.00529890714510
 0.98374184852871  0.00440426129875
 0.98803793877796  0.00363346472574
 0.99168283841473  0.00298490554695
 0.99467168403756  0.00245695641145
 0.99700048761997  0.00204810941240
 0.99866614183178  0.00175707113954
 0.99966642418512  0.00158285895380
 1.00000000000000  0.00118566292217
</coords>