<reference>
Airfoil "Interp_047507" created on 26-Apr-2025 14:56:21 for blade project jamiesonsCaseTipDfl
</reference>
<coords>
 1.00000000000000  0.00000000000000
 1.00000000000000 -0.01060185350502
 0.99966642418512 -0.00844601080271
 0.99866614183178 -0.00834112861796
 0.99700048761997 -0.00816867418774
 0.99467168403756 -0.00793221911013
 0.99168283841473 -0.00763689331630
 0.98803793877796 -0.00728951920701
 0.98374184852871 -0.00689874528228
 0.97880029995420 -0.00647522318373
 0.97321988657880 -0.00603184054651
 0.96700805436627 -0.00558389685836
 0.96017309178458 -0.00514938067301
 0.95272411874657 -0.00474815829791
 0.94467107444126 -0.00439261409850
 0.93602470407190 -0.00408720418970
 0.92679654451867 -0.00384420389670
 0.91699890894494 -0.00371250298023
 0.90664487036778 -0.00376691248814
 0.89574824421463 -0.00413978691869
 0.88432356988927 -0.00497172621203
 0.87238609137189 -0.00624415800584
 0.85995173687900 -0.00790465245308
 0.84703709761032 -0.00998750246619
 0.83365940561112 -0.01252321369171
 0.81983651077945 -0.01551998830014
 0.80558685704892 -0.01898058129609
 0.79092945777898 -0.02291701983591
 0.77588387038522 -0.02733510574170
 0.76047017024397 -0.03220460431133
 0.74470892390554 -0.03752603670555
 0.72862116165232 -0.04327071946293
 0.71222834943791 -0.04938883627553
 0.69555236024508 -0.05583284596895
 0.67861544490057 -0.06254250426966
 0.66144020238572 -0.06946232685451
 0.64404954968262 -0.07653682495029
 0.62646669119584 -0.08369783007503
 0.60871508779078 -0.09088161667140
 0.59081842548972 -0.09804427161839
 0.57280058386750 -0.10512528485012
 0.55468560418894 -0.11205044188999
 0.53649765733045 -0.11877065452351
 0.51826101152883 -0.12520658086743
 0.50000000000000 -0.13129397534866
 0.48173898847117 -0.13699867673879
 0.46350234266955 -0.14230488637655
 0.44531439581106 -0.14717979914282
 0.42719941613250 -0.15161533506497
 0.40918157451028 -0.15558941696195
 0.39128491220922 -0.15907752521379
 0.37353330880416 -0.16210416936770
 0.35595045031738 -0.16455281686038
 0.33855979761428 -0.16706963846545
 0.32138455509943 -0.16950598640161
 0.30444763975492 -0.17092146496130
 0.28777165056209 -0.17131014683049
 0.27137883834768 -0.17070800092559
 0.25529107609446 -0.16961771291319
 0.23952982975603 -0.16839252959788
 0.22411612961478 -0.16667878303063
 0.20907054222102 -0.16449336385377
 0.19441314295108 -0.16185576267363
 0.18016348922055 -0.15877422731138
 0.16634059438888 -0.15525374891654
 0.15296290238968 -0.15130370078662
 0.14004826312100 -0.14694620621168
 0.12761390862811 -0.14220009619094
 0.11567643011073 -0.13708788826732
 0.10425175578537 -0.13163057474854
 0.09335512963222 -0.12584543472732
 0.08300109105506 -0.11975073088502
 0.07320345548133 -0.11335854446016
 0.06397529592810 -0.10668321903337
 0.05532892555874 -0.09976815808349
 0.04727588125343 -0.09264963378939
 0.03982690821542 -0.08535980195016
 0.03299194563373 -0.07791300590458
 0.02678011342120 -0.07030407596944
 0.02119970004580 -0.06251976374845
 0.01625815147129 -0.05455234539106
 0.01196206122204 -0.04652760190122
 0.00831716158527 -0.03865052423029
 0.00532831596244 -0.03079811382386
 0.00299951238003 -0.02267694899532
 0.00133385816822 -0.01391806252069
 0.00033357581488 -0.00602331998452
 0.00000000000000  0.00000000000000
 0.00033357581488  0.00597559560610
 0.00133385816822  0.01399311197928
 0.00299951238003  0.02323573775745
 0.00532831596244  0.03201642791184
 0.00831716158527  0.04014382204471
 0.01196206122204  0.04834316159079
 0.01625815147129  0.05670659393730
 0.02119970004580  0.06504255311491
 0.02678011342120  0.07317930369858
 0.03299194563373  0.08111395257010
 0.03982690821542  0.08880254615443
 0.04727588125343  0.09628719941571
 0.05532892555874  0.10356794503377
 0.06397529592810  0.11061445358123
 0.07320345548133  0.11738550682693
 0.08300109105506  0.12384216377498
 0.09335512963222  0.12995946589158
 0.10425175578537  0.13573920703621
 0.11567643011073  0.14116392739504
 0.12761390862811  0.14618269292811
 0.14004826312100  0.15080093251890
 0.15296290238968  0.15498870357706
 0.16634059438888  0.15873963346232
 0.18016348922055  0.16206282784541
 0.19441314295108  0.16494925036960
 0.20907054222102  0.16738998039881
 0.22411612961478  0.16940844255133
 0.23952982975603  0.17095444720323
 0.25529107609446  0.17251440521019
 0.27137883834768  0.17367550134905
 0.28777165056209  0.17408124143079
 0.30444763975492  0.17374172343125
 0.32138455509943  0.17270383383677
 0.33855979761428  0.17104313769805
 0.35595045031738  0.16885359800085
 0.37353330880416  0.16612002268972
 0.39128491220922  0.16366700431999
 0.40918157451028  0.16111303052393
 0.42719941613250  0.15826609158839
 0.44531439581106  0.15514920688711
 0.46350234266955  0.15178474941328
 0.48173898847117  0.14819456042079
 0.50000000000000  0.14439691428438
 0.51826101152883  0.14041709478866
 0.53649765733045  0.13627409817985
 0.55468560418894  0.13199611929599
 0.57280058386750  0.12761606341884
 0.59081842548972  0.12314374068323
 0.60871508779078  0.11860537819955
 0.62646669119584  0.11401438336428
 0.64404954968262  0.10939080108886
 0.66144020238572  0.10475598555046
 0.67861544490057  0.10012047633778
 0.69555236024508  0.09550316111674
 0.71222834943791  0.09092665324697
 0.72862116165232  0.08640398524915
 0.74470892390554  0.08194967505943
 0.76047017024397  0.07757374783756
 0.77588387038522  0.07328724797811
 0.79092945777898  0.06910000245834
 0.80558685704892  0.06502215951234
 0.81983651077945  0.06106358003777
 0.83365940561112  0.05723450480257
 0.84703709761032  0.05354541313798
 0.85995173687900  0.05000071509550
 0.87238609137189  0.04660103122203
 0.88432356988927  0.04335529006306
 0.89574824421463  0.04027135345816
 0.90664487036778  0.03735125183605
 0.91699890894494  0.03460014963727
 0.92679654451867  0.03202398985195
 0.93602470407190  0.02961054143304
 0.94467107444126  0.02734358498553
 0.95272411874657  0.02522321927227
 0.96017309178458  0.02325828429508
 0.96700805436627  0.02145488850796
 0.97321988657880  0.01981529024573
 0.97880029995420  0.01834124420673
 0.98374184852871  0.01703464155661
 0.98803793877796  0.01589741256156
 0.99168283841473  0.01493143293081
 0.99467168403756  0.01413844052781
 0.99700048761997  0.01351996219820
 0.99866614183178  0.01307725236377
 0.99966642418512  0.01281124352953
 1.00000000000000  0.01060185350502
</coords>