<reference>
Airfoil "Interp_021114" created on 26-Apr-2025 14:56:21 for blade project jamiesonsCaseTipDfl
</reference>
<coords>
 1.00000000000000 -0.00000094585867
 0.99966642418512 -0.00156596496668
 0.99866614183178 -0.00511290990117
 0.99700048761997 -0.00893885344633
 0.99467168403756 -0.01261068470818
 0.99168283841473 -0.01602468301858
 0.98803793877796 -0.01918036891864
 0.98374184852871 -0.02212848865584
 0.97880029995420 -0.02496493477530
 0.97321988657880 -0.02784867727346
 0.96700805436627 -0.03105278775244
 0.96017309178458 -0.03494216766773
 0.95272411874657 -0.03964324687771
 0.94467107444126 -0.04516633087779
 0.93602470407190 -0.05145984358570
 0.92679654451867 -0.05851070546549
 0.91699890894494 -0.06629733337537
 0.90664487036778 -0.07478087088329
 0.89574824421463 -0.08390329694705
 0.88432356988927 -0.09362936683352
 0.87238609137189 -0.10394661047329
 0.85995173687900 -0.11469967587626
 0.84703709761032 -0.12573326389801
 0.83365940561112 -0.13725806379907
 0.81983651077945 -0.14919856719656
 0.80558685704892 -0.16115390187430
 0.79092945777898 -0.17314344322589
 0.77588387038522 -0.18516360942389
 0.76047017024397 -0.19705703254991
 0.74470892390554 -0.20861701948961
 0.72862116165232 -0.21990863557527
 0.71222834943791 -0.23091457405458
 0.69555236024508 -0.24151156387694
 0.67861544490057 -0.25165373233908
 0.66144020238572 -0.26134535856607
 0.64404954968262 -0.27057647236758
 0.62646669119584 -0.27935725536892
 0.60871508779078 -0.28769096020865
 0.59081842548972 -0.29547860902873
 0.57280058386750 -0.30268154926196
 0.55468560418894 -0.30963359673741
 0.53649765733045 -0.31609393104508
 0.51826101152883 -0.32176448130641
 0.50000000000000 -0.32695752643906
 0.48173898847117 -0.33124620427711
 0.46350234266955 -0.33489128129279
 0.44531439581106 -0.33794686632781
 0.42719941613250 -0.34036042287614
 0.40918157451028 -0.34192011100071
 0.39128491220922 -0.34298302065633
 0.37353330880416 -0.34326528020312
 0.35595045031738 -0.34281377894130
 0.33855979761428 -0.34177998954882
 0.32138455509943 -0.34017957530977
 0.30444763975492 -0.33781106678635
 0.28777165056209 -0.33467960260389
 0.27137883834768 -0.33107221077668
 0.25529107609446 -0.32686817581436
 0.23952982975603 -0.32195767830414
 0.22411612961478 -0.31657810615045
 0.20907054222102 -0.31038189420074
 0.19441314295108 -0.30379627527034
 0.18016348922055 -0.29645369254375
 0.16634059438888 -0.28864769818870
 0.15296290238968 -0.28012011671166
 0.14004826312100 -0.27117672844153
 0.12761390862811 -0.26150291953234
 0.11567643011073 -0.25129912271240
 0.10425175578537 -0.24043272080560
 0.09335512963222 -0.22904210746777
 0.08300109105506 -0.21714604362297
 0.07320345548133 -0.20494273625510
 0.06397529592810 -0.19246202393115
 0.05532892555874 -0.17929291034644
 0.04727588125343 -0.16595630622942
 0.03982690821542 -0.15195193487785
 0.03299194563373 -0.13806652257896
 0.02678011342120 -0.12402562343055
 0.02119970004580 -0.11025043842645
 0.01625815147129 -0.09611239144651
 0.01196206122204 -0.08140978383812
 0.00831716158527 -0.06654286837028
 0.00532831596244 -0.05175081646842
 0.00299951238003 -0.03815191958223
 0.00133385816822 -0.02491774596199
 0.00033357581488 -0.01354045722478
 0.00000000000000  0.00000000000000
 0.00033357581488  0.00938263965852
 0.00133385816822  0.02302964997022
 0.00299951238003  0.03616373720656
 0.00532831596244  0.04969666552791
 0.00831716158527  0.06437604020643
 0.01196206122204  0.07962008276229
 0.01625815147129  0.09449381823092
 0.02119970004580  0.10862102931013
 0.02678011342120  0.12228950849833
 0.03299194563373  0.13614683839498
 0.03982690821542  0.14990726869447
 0.04727588125343  0.16378113158269
 0.05532892555874  0.17714787133664
 0.06397529592810  0.19033625330386
 0.07320345548133  0.20324028891466
 0.08300109105506  0.21571481119998
 0.09335512963222  0.22796520061456
 0.10425175578537  0.23971939453514
 0.11567643011073  0.25091611084604
 0.12761390862811  0.26142994747769
 0.14004826312100  0.27151793005812
 0.15296290238968  0.28089389308828
 0.16634059438888  0.28974822850856
 0.18016348922055  0.29801370257147
 0.19441314295108  0.30560091460605
 0.20907054222102  0.31264590588916
 0.22411612961478  0.31904632017046
 0.23952982975603  0.32465633993120
 0.25529107609446  0.32951423462334
 0.27137883834768  0.33366969790010
 0.28777165056209  0.33720908503437
 0.30444763975492  0.33996856362997
 0.32138455509943  0.34208808078732
 0.33855979761428  0.34345542459170
 0.35595045031738  0.34424067850533
 0.37353330880416  0.34418843634177
 0.39128491220922  0.34344689119972
 0.40918157451028  0.34233346761617
 0.42719941613250  0.34021325154019
 0.44531439581106  0.33766695052072
 0.46350234266955  0.33452695318279
 0.48173898847117  0.33074334816744
 0.50000000000000  0.32632442526153
 0.51826101152883  0.32146158645487
 0.53649765733045  0.31623386072344
 0.55468560418894  0.31055334173695
 0.57280058386750  0.30442563676495
 0.59081842548972  0.29775109426848
 0.60871508779078  0.29071470823672
 0.62646669119584  0.28332138916067
 0.64404954968262  0.27554492566898
 0.66144020238572  0.26747374148783
 0.67861544490057  0.25915669202373
 0.69555236024508  0.25042456575044
 0.71222834943791  0.24145105056193
 0.72862116165232  0.23233252863145
 0.74470892390554  0.22283615686215
 0.76047017024397  0.21320414681640
 0.77588387038522  0.20351758804184
 0.79092945777898  0.19372065187886
 0.80558685704892  0.18383949579858
 0.81983651077945  0.17375981135900
 0.83365940561112  0.16349335863725
 0.84703709761032  0.15334099092048
 0.85995173687900  0.14337434486542
 0.87238609137189  0.13354325956592
 0.88432356988927  0.12379640869710
 0.89574824421463  0.11419957985468
 0.90664487036778  0.10491446076315
 0.91699890894494  0.09596124358138
 0.92679654451867  0.08730198879513
 0.93602470407190  0.07899079865839
 0.94467107444126  0.07110493337838
 0.95272411874657  0.06362700930854
 0.96017309178458  0.05650386296270
 0.96700805436627  0.04975703295990
 0.97321988657880  0.04350219655083
 0.97880029995420  0.03783063456094
 0.98374184852871  0.03265034078241
 0.98803793877796  0.02773091884985
 0.99168283841473  0.02292766904550
 0.99467168403756  0.01815076492823
 0.99700048761997  0.01334384458895
 0.99866614183178  0.00848293240463
 0.99966642418512  0.00363358451882
</coords>