<reference>
Airfoil "Interp_010557" created on 26-Apr-2025 14:56:21 for blade project jamiesonsCaseTipDfl
</reference>
<coords>
 1.00000000000000 -0.00000313706615
 0.99966642418512 -0.01518481657697
 0.99866614183178 -0.02398740728514
 0.99700048761997 -0.03408729869704
 0.99467168403756 -0.04568369380966
 0.99168283841473 -0.05938205285890
 0.98803793877796 -0.07483895601136
 0.98374184852871 -0.09154070461655
 0.97880029995420 -0.10913395376051
 0.97321988657880 -0.12714434771432
 0.96700805436627 -0.14530119497352
 0.96017309178458 -0.16342755901557
 0.95272411874657 -0.18146065097172
 0.94467107444126 -0.19939897032215
 0.93602470407190 -0.21700489082444
 0.92679654451867 -0.23427173642576
 0.91699890894494 -0.25119652988081
 0.90664487036778 -0.26769218914507
 0.89574824421463 -0.28372231761221
 0.88432356988927 -0.29931399815426
 0.87238609137189 -0.31442644663720
 0.85995173687900 -0.32902884615930
 0.84703709761032 -0.34311089053227
 0.83365940561112 -0.35667514531735
 0.81983651077945 -0.36971861352249
 0.80558685704892 -0.38222432354232
 0.79092945777898 -0.39415401490296
 0.77588387038522 -0.40548432473583
 0.76047017024397 -0.41625874254773
 0.74470892390554 -0.42638527473963
 0.72862116165232 -0.43592771412793
 0.71222834943791 -0.44482414429725
 0.69555236024508 -0.45305577771297
 0.67861544490057 -0.46067035297526
 0.66144020238572 -0.46763859186820
 0.64404954968262 -0.47393730263173
 0.62646669119584 -0.47956348896074
 0.60871508779078 -0.48453570497707
 0.59081842548972 -0.48878238548856
 0.57280058386750 -0.49239068377733
 0.55468560418894 -0.49528317050147
 0.53649765733045 -0.49753573619201
 0.51826101152883 -0.49907552638897
 0.50000000000000 -0.49981788055369
 0.48173898847117 -0.49996100149338
 0.46350234266955 -0.49942258546172
 0.44531439581106 -0.49815024796201
 0.42719941613250 -0.49629125985861
 0.40918157451028 -0.49364798058278
 0.39128491220922 -0.49032555357760
 0.37353330880416 -0.48633591184968
 0.35595045031738 -0.48164437692371
 0.33855979761428 -0.47632193623464
 0.32138455509943 -0.47029013604943
 0.30444763975492 -0.46364407860899
 0.28777165056209 -0.45630900798241
 0.27137883834768 -0.44835000387845
 0.25529107609446 -0.43974237912579
 0.23952982975603 -0.43053299102773
 0.22411612961478 -0.42069829217098
 0.20907054222102 -0.41029729220878
 0.19441314295108 -0.39934160447830
 0.18016348922055 -0.38785747945687
 0.16634059438888 -0.37578724316830
 0.15296290238968 -0.36322608244354
 0.14004826312100 -0.35015391448652
 0.12761390862811 -0.33657454032583
 0.11567643011073 -0.32254583502853
 0.10425175578537 -0.30812582815249
 0.09335512963222 -0.29327223029207
 0.08300109105506 -0.27804921739301
 0.07320345548133 -0.26248035258005
 0.06397529592810 -0.24653396962732
 0.05532892555874 -0.23024310402801
 0.04727588125343 -0.21362054225179
 0.03982690821542 -0.19667623089434
 0.03299194563373 -0.17953335418495
 0.02678011342120 -0.16217985514358
 0.02119970004580 -0.14458649987452
 0.01625815147129 -0.12695675218983
 0.01196206122204 -0.10905545496472
 0.00831716158527 -0.09112197954756
 0.00532831596244 -0.07316147484096
 0.00299951238003 -0.05476050706735
 0.00133385816822 -0.03774091660361
 0.00033357581488 -0.01705824056180
 0.00000000000000  0.00000000000000
 0.00033357581488  0.01650505556730
 0.00133385816822  0.03685460199767
 0.00299951238003  0.05443831257284
 0.00532831596244  0.07274812979965
 0.00831716158527  0.09073375914728
 0.01196206122204  0.10868269058464
 0.01625815147129  0.12653607071244
 0.02119970004580  0.14421481305923
 0.02678011342120  0.16174576558221
 0.03299194563373  0.17906207838937
 0.03982690821542  0.19622155456143
 0.04727588125343  0.21314360840360
 0.05532892555874  0.22976646413751
 0.06397529592810  0.24603915806941
 0.07320345548133  0.26195719276531
 0.08300109105506  0.27749659655666
 0.09335512963222  0.29269892949960
 0.10425175578537  0.30750485915051
 0.11567643011073  0.32189541599512
 0.12761390862811  0.33589556541384
 0.14004826312100  0.34942558616156
 0.15296290238968  0.36247323417225
 0.16634059438888  0.37502974806659
 0.18016348922055  0.38709374457370
 0.19441314295108  0.39860747156682
 0.20907054222102  0.40957963975921
 0.22411612961478  0.42000939458988
 0.23952982975603  0.42986818123158
 0.25529107609446  0.43911968035690
 0.27137883834768  0.44775788323904
 0.28777165056209  0.45576405012421
 0.30444763975492  0.46314892886562
 0.32138455509943  0.46986440288855
 0.33855979761428  0.47593961436202
 0.35595045031738  0.48134964418079
 0.37353330880416  0.48608353416363
 0.39128491220922  0.49016415951921
 0.40918157451028  0.49354047806962
 0.42719941613250  0.49627987292889
 0.44531439581106  0.49818862482086
 0.46350234266955  0.49948997332901
 0.48173898847117  0.50002331490253
 0.50000000000000  0.49997456717142
 0.51826101152883  0.49912997554642
 0.53649765733045  0.49759887073206
 0.55468560418894  0.49534837514429
 0.57280058386750  0.49240357596026
 0.59081842548972  0.48878461152003
 0.60871508779078  0.48442422641465
 0.62646669119584  0.47943089667723
 0.64404954968262  0.47375374822539
 0.66144020238572  0.46736007588111
 0.67861544490057  0.46035639581602
 0.69555236024508  0.45269516725944
 0.71222834943791  0.44437824506757
 0.72862116165232  0.43542823751991
 0.74470892390554  0.42588763135622
 0.76047017024397  0.41572997312835
 0.77588387038522  0.40499232699070
 0.79092945777898  0.39366270244414
 0.80558685704892  0.38177148520257
 0.81983651077945  0.36935617230621
 0.83365940561112  0.35642490133844
 0.84703709761032  0.34301214029231
 0.85995173687900  0.32913927065086
 0.87238609137189  0.31476936437663
 0.88432356988927  0.29999473388831
 0.89574824421463  0.28478590179077
 0.90664487036778  0.26919336172144
 0.91699890894494  0.25328307730905
 0.92679654451867  0.23704216805200
 0.93602470407190  0.22048929835604
 0.94467107444126  0.20356566508323
 0.95272411874657  0.18643534643008
 0.96017309178458  0.16921081839312
 0.96700805436627  0.15192805991070
 0.97321988657880  0.13466761465414
 0.97880029995420  0.11752968434653
 0.98374184852871  0.10060564312487
 0.98803793877796  0.08418526743113
 0.99168283841473  0.06858513731772
 0.99467168403756  0.05400410288806
 0.99700048761997  0.04079147203083
 0.99866614183178  0.02909869681968
 0.99966642418512  0.01895010181954
</coords>