<reference>
Airfoil "Interp_044868" created on 26-Apr-2025 14:56:21 for blade project jamiesonsCaseTipDfl
</reference>
<coords>
 1.00000000000000  0.00000000000000
 1.00000000000000 -0.00892546639207
 0.99966642418512 -0.00449585880840
 0.99866614183178 -0.00450265397656
 0.99700048761997 -0.00451399434368
 0.99467168403756 -0.00452991908081
 0.99168283841473 -0.00455051768721
 0.98803793877796 -0.00457596245885
 0.98374184852871 -0.00460655043419
 0.97880029995420 -0.00464275280159
 0.97321988657880 -0.00468527063925
 0.96700805436627 -0.00473509599860
 0.96017309178458 -0.00479357898145
 0.95272411874657 -0.00486249536577
 0.94467107444126 -0.00494251208749
 0.93602470407190 -0.00502584729840
 0.92679654451867 -0.00509834361789
 0.91699890894494 -0.00517709477590
 0.90664487036778 -0.00538271310341
 0.89574824421463 -0.00587721056109
 0.88432356988927 -0.00675529563900
 0.87238609137189 -0.00807294741263
 0.85995173687900 -0.00985329262177
 0.84703709761032 -0.01209277250512
 0.83365940561112 -0.01479659932145
 0.81983651077945 -0.01797327075127
 0.80558685704892 -0.02163063729555
 0.79092945777898 -0.02577412926678
 0.77588387038522 -0.03040827453435
 0.76047017024397 -0.03554215669762
 0.74470892390554 -0.04115762823240
 0.72862116165232 -0.04720655809368
 0.71222834943791 -0.05366403753753
 0.69555236024508 -0.06047094569007
 0.67861544490057 -0.06755808775309
 0.66144020238572 -0.07486337343826
 0.64404954968262 -0.08231373682290
 0.62646669119584 -0.08983872687525
 0.60871508779078 -0.09736984554726
 0.59081842548972 -0.10484844941665
 0.57280058386750 -0.11220851361991
 0.55468560418894 -0.11940529240188
 0.53649765733045 -0.12640355480689
 0.51826101152883 -0.13314585697915
 0.50000000000000 -0.13956253927749
 0.48173898847117 -0.14561699915746
 0.46350234266955 -0.15123132119604
 0.44531439581106 -0.15635599074838
 0.42719941613250 -0.16098229622626
 0.40918157451028 -0.16511223075455
 0.39128491220922 -0.16872518501938
 0.37353330880416 -0.17183117447166
 0.35595045031738 -0.17441443433744
 0.33855979761428 -0.17647138604518
 0.32138455509943 -0.17801978423455
 0.30444763975492 -0.17905951867610
 0.28777165056209 -0.17956718070567
 0.27137883834768 -0.17998486748683
 0.25529107609446 -0.17990926948648
 0.23952982975603 -0.17911598991425
 0.22411612961478 -0.17765697534733
 0.20907054222102 -0.17569705318683
 0.19441314295108 -0.17308101091334
 0.18016348922055 -0.16983537734051
 0.16634059438888 -0.16613997570918
 0.15296290238968 -0.16201329810740
 0.14004826312100 -0.15747408205516
 0.12761390862811 -0.15252035094673
 0.11567643011073 -0.14715322905259
 0.10425175578537 -0.14137779572648
 0.09335512963222 -0.13520544235321
 0.08300109105506 -0.12866996737000
 0.07320345548133 -0.12179150901868
 0.06397529592810 -0.11462557950436
 0.05532892555874 -0.10716546714271
 0.04727588125343 -0.09940888145632
 0.03982690821542 -0.09136706819529
 0.03299194563373 -0.08309728342290
 0.02678011342120 -0.07474414688566
 0.02119970004580 -0.06637902057113
 0.01625815147129 -0.05789464233494
 0.01196206122204 -0.04919266348566
 0.00831716158527 -0.04014213849787
 0.00532831596244 -0.03122512280825
 0.00299951238003 -0.02281370639315
 0.00133385816822 -0.01420654814482
 0.00033357581488 -0.00543046338868
 0.00000000000000  0.00000000000000
 0.00033357581488  0.00540035085605
 0.00133385816822  0.01406851797474
 0.00299951238003  0.02317825969638
 0.00532831596244  0.03178586078430
 0.00831716158527  0.04126565055465
 0.01196206122204  0.05095418352537
 0.01625815147129  0.06018158221259
 0.02119970004580  0.06901144260714
 0.02678011342120  0.07766231553569
 0.03299194563373  0.08629750993366
 0.03982690821542  0.09485743130237
 0.04727588125343  0.10318922475769
 0.05532892555874  0.11125961737431
 0.06397529592810  0.11904800613405
 0.07320345548133  0.12654042153501
 0.08300109105506  0.13368132654452
 0.09335512963222  0.14044649900624
 0.10425175578537  0.14679795026893
 0.11567643011073  0.15270689091294
 0.12761390862811  0.15818790670504
 0.14004826312100  0.16320506375277
 0.15296290238968  0.16774733502961
 0.16634059438888  0.17182499456136
 0.18016348922055  0.17544010663407
 0.19441314295108  0.17831679981488
 0.20907054222102  0.18072732954850
 0.22411612961478  0.18259945697301
 0.23952982975603  0.18387405879701
 0.25529107609446  0.18453804763705
 0.27137883834768  0.18462596760890
 0.28777165056209  0.18417798802012
 0.30444763975492  0.18322706871364
 0.32138455509943  0.18191821558260
 0.33855979761428  0.18053162746530
 0.35595045031738  0.17872403601526
 0.37353330880416  0.17655425876919
 0.39128491220922  0.17403302753020
 0.40918157451028  0.17118057506585
 0.42719941613250  0.16802644369644
 0.44531439581106  0.16457532257087
 0.46350234266955  0.16086221793008
 0.48173898847117  0.15691014007517
 0.50000000000000  0.15274789966327
 0.51826101152883  0.14841341771138
 0.53649765733045  0.14392619865756
 0.55468560418894  0.13930821425098
 0.57280058386750  0.13458388045180
 0.59081842548972  0.12977540878199
 0.60871508779078  0.12490072911088
 0.62646669119584  0.11998519387754
 0.64404954968262  0.11504422990515
 0.66144020238572  0.11009991474566
 0.67861544490057  0.10517515910872
 0.69555236024508  0.10028790783824
 0.71222834943791  0.09545087021250
 0.72862116165232  0.09067537877281
 0.74470892390554  0.08597567734006
 0.76047017024397  0.08136609099028
 0.77588387038522  0.07685981148450
 0.79092945777898  0.07246635075440
 0.80558685704892  0.06819405438079
 0.81983651077945  0.06405265595431
 0.83365940561112  0.06005168887193
 0.84703709761032  0.05619698170567
 0.85995173687900  0.05249555266529
 0.87238609137189  0.04895605575185
 0.88432356988927  0.04558073761700
 0.89574824421463  0.04236956712070
 0.90664487036778  0.03933465391242
 0.91699890894494  0.03648584424605
 0.92679654451867  0.03380423103972
 0.93602470407190  0.03126658941760
 0.94467107444126  0.02887119055976
 0.95272411874657  0.02663029358292
 0.96017309178458  0.02455350571849
 0.96700805436627  0.02264496913173
 0.97321988657880  0.02090704511524
 0.97880029995420  0.01934231966287
 0.98374184852871  0.01795349484407
 0.98803793877796  0.01674326706512
 0.99168283841473  0.01571421720886
 0.99467168403756  0.01486871048442
 0.99700048761997  0.01420880844813
 0.99866614183178  0.01373619474241
 0.99966642418512  0.01345211589489
 1.00000000000000  0.00892546639207
</coords>