<reference>
Airfoil "Interp_063343" created on 26-Apr-2025 14:56:21 for blade project jamiesonsCaseTipDfl
</reference>
<coords>
 1.00000000000000  0.00000000000000
 1.00000000000000 -0.01099464441076
 0.99966642418512 -0.01114467252658
 0.99866614183178 -0.01089911347874
 0.99700048761997 -0.01049430482511
 0.99467168403756 -0.00993739828690
 0.99168283841473 -0.00923930870887
 0.98803793877796 -0.00841558475245
 0.98374184852871 -0.00748747564660
 0.97880029995420 -0.00648317373952
 0.97321988657880 -0.00543912510867
 0.96700805436627 -0.00440145304951
 0.96017309178458 -0.00342743981005
 0.95272411874657 -0.00258570191931
 0.94467107444126 -0.00192232250029
 0.93602470407190 -0.00144165664950
 0.92679654451867 -0.00113413554317
 0.91699890894494 -0.00102053681257
 0.90664487036778 -0.00113945467743
 0.89574824421463 -0.00153164175654
 0.88432356988927 -0.00223975421628
 0.87238609137189 -0.00329733338428
 0.85995173687900 -0.00472596216838
 0.84703709761032 -0.00654744775747
 0.83365940561112 -0.00878477395146
 0.81983651077945 -0.01146514911691
 0.80558685704892 -0.01461383907762
 0.79092945777898 -0.01824571551592
 0.77588387038522 -0.02234478950548
 0.76047017024397 -0.02689131644732
 0.74470892390554 -0.03187707262408
 0.72862116165232 -0.03729815598100
 0.71222834943791 -0.04311953713251
 0.69555236024508 -0.04929008497370
 0.67861544490057 -0.05575257595822
 0.66144020238572 -0.06244709660817
 0.64404954968262 -0.06930951640490
 0.62646669119584 -0.07626618214537
 0.60871508779078 -0.08324267146451
 0.59081842548972 -0.09016896869928
 0.57280058386750 -0.09697105446449
 0.55468560418894 -0.10359092522642
 0.53649765733045 -0.10997220025976
 0.51826101152883 -0.11606860425343
 0.50000000000000 -0.12182836416124
 0.48173898847117 -0.12721997704837
 0.46350234266955 -0.13221129194547
 0.44531439581106 -0.13677149824992
 0.42719941613250 -0.14088922965447
 0.40918157451028 -0.14454379045208
 0.39128491220922 -0.14772545968431
 0.37353330880416 -0.15042413641079
 0.35595045031738 -0.15263958945487
 0.33855979761428 -0.15435052971064
 0.32138455509943 -0.15557353684146
 0.30444763975492 -0.15635788691569
 0.28777165056209 -0.15661033924608
 0.27137883834768 -0.15647639071436
 0.25529107609446 -0.15603030431637
 0.23952982975603 -0.15530518031100
 0.22411612961478 -0.15298065110921
 0.20907054222102 -0.15031025499845
 0.19441314295108 -0.14773697723408
 0.18016348922055 -0.14471908100847
 0.16634059438888 -0.14130845154206
 0.15296290238968 -0.13751748904870
 0.14004826312100 -0.13337145153448
 0.12761390862811 -0.12889628467372
 0.11567643011073 -0.12411474577229
 0.10425175578537 -0.11904711456004
 0.09335512963222 -0.11371124369478
 0.08300109105506 -0.10812499587136
 0.07320345548133 -0.10231620471822
 0.06397529592810 -0.09630391025832
 0.05532892555874 -0.09010548027607
 0.04727588125343 -0.08372101504949
 0.03982690821542 -0.07716594491814
 0.03299194563373 -0.07046797202922
 0.02678011342120 -0.06365858069739
 0.02119970004580 -0.05675397502293
 0.01625815147129 -0.04974630969988
 0.01196206122204 -0.04264861666892
 0.00831716158527 -0.03556333914676
 0.00532831596244 -0.02860461688145
 0.00299951238003 -0.02129796430233
 0.00133385816822 -0.01321937646606
 0.00033357581488 -0.00553443208174
 0.00000000000000  0.00000000000000
 0.00033357581488  0.00529578441376
 0.00133385816822  0.01320947258561
 0.00299951238003  0.02196490743784
 0.00532831596244  0.02967104990612
 0.00831716158527  0.03693499695235
 0.01196206122204  0.04435988587096
 0.01625815147129  0.05173806729580
 0.02119970004580  0.05906205623435
 0.02678011342120  0.06626882084403
 0.03299194563373  0.07335695627852
 0.03982690821542  0.08028431448637
 0.04727588125343  0.08701563764227
 0.05532892555874  0.09351892795649
 0.06397529592810  0.09978241331125
 0.07320345548133  0.10579178419671
 0.08300109105506  0.11152187563080
 0.09335512963222  0.11697123207020
 0.10425175578537  0.12211314067195
 0.11567643011073  0.12691639955847
 0.12761390862811  0.13138758123305
 0.14004826312100  0.13549879287916
 0.15296290238968  0.13924734843267
 0.16634059438888  0.14262166878526
 0.18016348922055  0.14561945148096
 0.19441314295108  0.14822678677808
 0.20907054222102  0.15041704290742
 0.22411612961478  0.15252954213797
 0.23952982975603  0.15370813052756
 0.25529107609446  0.15447524070774
 0.27137883834768  0.15504001888121
 0.28777165056209  0.15531306476537
 0.30444763975492  0.15524489978431
 0.32138455509943  0.15479884240302
 0.33855979761428  0.15393403000113
 0.35595045031738  0.15262227875346
 0.37353330880416  0.15103777842489
 0.39128491220922  0.14912492149244
 0.40918157451028  0.14693745016171
 0.42719941613250  0.14448256696246
 0.44531439581106  0.14177658703693
 0.46350234266955  0.13883741385017
 0.48173898847117  0.13568215563907
 0.50000000000000  0.13233872146355
 0.51826101152883  0.12881785334539
 0.53649765733045  0.12513782781091
 0.55468560418894  0.12131991805541
 0.57280058386750  0.11738174201145
 0.59081842548972  0.11335738928263
 0.60871508779078  0.10925990100960
 0.62646669119584  0.10509883663422
 0.64404954968262  0.10089689742725
 0.66144020238572  0.09666535914291
 0.67861544490057  0.09241838929129
 0.69555236024508  0.08817857751312
 0.71222834943791  0.08395229053279
 0.72862116165232  0.07975687846029
 0.74470892390554  0.07560790422947
 0.76047017024397  0.07151502047536
 0.77588387038522  0.06749099412837
 0.79092945777898  0.06355072007341
 0.80558685704892  0.05970521948401
 0.81983651077945  0.05596982852171
 0.83365940561112  0.05235319822426
 0.84703709761032  0.04885860436376
 0.85995173687900  0.04549341404245
 0.87238609137189  0.04226745474818
 0.88432356988927  0.03919052424352
 0.89574824421463  0.03626663026171
 0.90664487036778  0.03349818016625
 0.91699890894494  0.03088908254764
 0.92679654451867  0.02844190728212
 0.93602470407190  0.02615668426245
 0.94467107444126  0.02403275783532
 0.95272411874657  0.02206798338981
 0.96017309178458  0.02026035885155
 0.96700805436627  0.01860927592385
 0.97321988657880  0.01711548264063
 0.97880029995420  0.01577948143545
 0.98374184852871  0.01460145474963
 0.98803793877796  0.01358135440373
 0.99168283841473  0.01271896973814
 0.99467168403756  0.01201400437455
 0.99700048761997  0.01146613257162
 0.99866614183178  0.01107504841113
 0.99966642418512  0.01084050456429
 1.00000000000000  0.01099464441076
</coords>