<reference>
Airfoil "Interp_110850" created on 26-Apr-2025 14:56:21 for blade project jamiesonsCaseTipDfl
</reference>
<coords>
 1.00000000000000  0.00000000000000
 1.00000000000000 -0.00083556351101
 0.99966642418512 -0.00050184677827
 0.99866614183178 -0.00038983567699
 0.99700048761997 -0.00020548499927
 0.99467168403756  0.00004767944777
 0.99168283841473  0.00036467134619
 0.98803793877796  0.00073899339799
 0.98374184852871  0.00116259360612
 0.97880029995420  0.00162578366116
 0.97321988657880  0.00211716471436
 0.96700805436627  0.00262355036071
 0.96017309178458  0.00312987851962
 0.95272411874657  0.00361913704151
 0.94467107444126  0.00407359275313
 0.93602470407190  0.00448190026280
 0.92679654451867  0.00483750325578
 0.91699890894494  0.00512581894455
 0.90664487036778  0.00529747050586
 0.89574824421463  0.00529000077575
 0.88432356988927  0.00507200305133
 0.87238609137189  0.00463361595617
 0.85995173687900  0.00395779027116
 0.84703709761032  0.00302154652078
 0.83365940561112  0.00180833473235
 0.81983651077945  0.00030553272646
 0.80558685704892 -0.00150436817049
 0.79092945777898 -0.00364270528425
 0.77588387038522 -0.00613308836324
 0.76047017024397 -0.00896566648015
 0.74470892390554 -0.01212226018647
 0.72862116165232 -0.01561549998307
 0.71222834943791 -0.01943950197054
 0.69555236024508 -0.02358544021608
 0.67861544490057 -0.02804534809737
 0.66144020238572 -0.03278900881018
 0.64404954968262 -0.03777904204265
 0.62646669119584 -0.04297355281304
 0.60871508779078 -0.04832444676934
 0.59081842548972 -0.05377563516123
 0.57280058386750 -0.05925504972101
 0.55468560418894 -0.06468372392936
 0.53649765733045 -0.07001431561734
 0.51826101152883 -0.07519316303148
 0.50000000000000 -0.08015870289734
 0.48173898847117 -0.08480544178630
 0.46350234266955 -0.08904857187714
 0.44531439581106 -0.09284291212507
 0.42719941613250 -0.09615876791156
 0.40918157451028 -0.09897942590035
 0.39128491220922 -0.10131529685976
 0.37353330880416 -0.10318142863711
 0.35595045031738 -0.10455978695884
 0.33855979761428 -0.10547898427107
 0.32138455509943 -0.10594005885371
 0.30444763975492 -0.10590667139703
 0.28777165056209 -0.10554015160621
 0.27137883834768 -0.10471580357248
 0.25529107609446 -0.10353727706748
 0.23952982975603 -0.10201337080387
 0.22411612961478 -0.10014762066530
 0.20907054222102 -0.09798532564785
 0.19441314295108 -0.09553348931341
 0.18016348922055 -0.09279325485161
 0.16634059438888 -0.08981399316103
 0.15296290238968 -0.08660591842854
 0.14004826312100 -0.08320558832729
 0.12761390862811 -0.07964498458117
 0.11567643011073 -0.07593263820081
 0.10425175578537 -0.07208148834285
 0.09335512963222 -0.06812292546204
 0.08300109105506 -0.06408133035610
 0.07320345548133 -0.06000548046837
 0.06397529592810 -0.05589159280565
 0.05532892555874 -0.05176110142555
 0.04727588125343 -0.04760724287485
 0.03982690821542 -0.04344889880817
 0.03299194563373 -0.03930586991348
 0.02678011342120 -0.03519823125391
 0.02119970004580 -0.03114750625051
 0.01625815147129 -0.02714591982530
 0.01196206122204 -0.02327052770537
 0.00831716158527 -0.01940562875288
 0.00532831596244 -0.01588569427545
 0.00299951238003 -0.01190534558057
 0.00133385816822 -0.00634852387421
 0.00033357581488 -0.00143869012147
 0.00000000000000  0.00000000000000
 0.00033357581488  0.00170039548183
 0.00133385816822  0.00751184693997
 0.00299951238003  0.01374683396896
 0.00532831596244  0.01861493944578
 0.00831716158527  0.02350920083753
 0.01196206122204  0.02858654720500
 0.01625815147129  0.03378356277768
 0.02119970004580  0.03904045266657
 0.02678011342120  0.04434322366897
 0.03299194563373  0.04969194221461
 0.03982690821542  0.05505796729554
 0.04727588125343  0.06041267665338
 0.05532892555874  0.06572864501164
 0.06397529592810  0.07100874314906
 0.07320345548133  0.07621983254840
 0.08300109105506  0.08133032424361
 0.09335512963222  0.08631727894680
 0.10425175578537  0.09116692304395
 0.11567643011073  0.09587482190560
 0.12761390862811  0.10038204707998
 0.14004826312100  0.10465128654608
 0.15296290238968  0.10873425586260
 0.16634059438888  0.11255461896461
 0.18016348922055  0.11611978206411
 0.19441314295108  0.11937319204531
 0.20907054222102  0.12226886978370
 0.22411612961478  0.12486048323053
 0.23952982975603  0.12708195296316
 0.25529107609446  0.12882312694214
 0.27137883834768  0.13013608565881
 0.28777165056209  0.13109175338235
 0.30444763975492  0.13153586003087
 0.32138455509943  0.13154825048468
 0.33855979761428  0.13111343951520
 0.35595045031738  0.13021285378509
 0.37353330880416  0.12895962558614
 0.39128491220922  0.12730222020236
 0.40918157451028  0.12528027777911
 0.42719941613250  0.12301862083776
 0.44531439581106  0.12036914167958
 0.46350234266955  0.11750360065122
 0.48173898847117  0.11431678578351
 0.50000000000000  0.11094048131919
 0.51826101152883  0.10743850501865
 0.53649765733045  0.10371249749839
 0.55468560418894  0.09985328212917
 0.57280058386750  0.09588434895290
 0.59081842548972  0.09180591462490
 0.60871508779078  0.08764495740157
 0.62646669119584  0.08341122887146
 0.64404954968262  0.07915453526292
 0.66144020238572  0.07492392158225
 0.67861544490057  0.07071770618642
 0.69555236024508  0.06654454457558
 0.71222834943791  0.06245936785317
 0.72862116165232  0.05845352642360
 0.74470892390554  0.05452880118247
 0.76047017024397  0.05073403617089
 0.77588387038522  0.04706838074189
 0.79092945777898  0.04353481997107
 0.80558685704892  0.04014529132696
 0.81983651077945  0.03690931935414
 0.83365940561112  0.03382404708248
 0.84703709761032  0.03087997504204
 0.85995173687900  0.02807897272740
 0.87238609137189  0.02542539150715
 0.88432356988927  0.02292232787884
 0.89574824421463  0.02057001965423
 0.90664487036778  0.01836475155623
 0.91699890894494  0.01630451783718
 0.92679654451867  0.01439202059016
 0.93602470407190  0.01262790015779
 0.94467107444126  0.01100426526526
 0.95272411874657  0.00951178624678
 0.96017309178458  0.00814481914905
 0.96700805436627  0.00690301192424
 0.97321988657880  0.00578624976657
 0.97880029995420  0.00479369352773
 0.98374184852871  0.00392398152959
 0.98803793877796  0.00317541923880
 0.99168283841473  0.00254615461100
 0.99467168403756  0.00203433568467
 0.99700048761997  0.00163825704010
 0.99866614183178  0.00135646149121
 0.99966642418512  0.00118784494651
 1.00000000000000  0.00083556351101
</coords>