<reference>
Airfoil "Interp_026393" created on 26-Apr-2025 14:56:21 for blade project jamiesonsCaseTipDfl
</reference>
<coords>
 1.00000000000000 -0.00000017900613
 0.99966642418512 -0.00023701237035
 0.99866614183178 -0.00145284624909
 0.99700048761997 -0.00326200796367
 0.99467168403756 -0.00541892951041
 0.99168283841473 -0.00768544069604
 0.98803793877796 -0.00987041344891
 0.98374184852871 -0.01184687828104
 0.97880029995420 -0.01355528329425
 0.97321988657880 -0.01500566188726
 0.96700805436627 -0.01628328138376
 0.96017309178458 -0.01756664595108
 0.95272411874657 -0.01916458171231
 0.94467107444126 -0.02134911381179
 0.93602470407190 -0.02412610510394
 0.92679654451867 -0.02740563742232
 0.91699890894494 -0.03109569718055
 0.90664487036778 -0.03524188500574
 0.89574824421463 -0.03991853584554
 0.88432356988927 -0.04514174750992
 0.87238609137189 -0.05086715689796
 0.85995173687900 -0.05707420043357
 0.84703709761032 -0.06378690140999
 0.83365940561112 -0.07095973971745
 0.81983651077945 -0.07846981182681
 0.80558685704892 -0.08637374248945
 0.79092945777898 -0.09478991687850
 0.77588387038522 -0.10351516550402
 0.76047017024397 -0.11241237901562
 0.74470892390554 -0.12153132265839
 0.72862116165232 -0.13081883350945
 0.71222834943791 -0.14013165220473
 0.69555236024508 -0.14933799507579
 0.67861544490057 -0.15847488386390
 0.66144020238572 -0.16747111030393
 0.64404954968262 -0.17621927399715
 0.62646669119584 -0.18466545414618
 0.60871508779078 -0.19278980511404
 0.59081842548972 -0.20056033707529
 0.57280058386750 -0.20797843535282
 0.55468560418894 -0.21501448035199
 0.53649765733045 -0.22155577377170
 0.51826101152883 -0.22755615499974
 0.50000000000000 -0.23322668653290
 0.48173898847117 -0.23824066716852
 0.46350234266955 -0.24274800845199
 0.44531439581106 -0.24672952707450
 0.42719941613250 -0.24996684846307
 0.40918157451028 -0.25268085293649
 0.39128491220922 -0.25487379030255
 0.37353330880416 -0.25647075617541
 0.35595045031738 -0.25736010456473
 0.33855979761428 -0.25787685875018
 0.32138455509943 -0.25763637080457
 0.30444763975492 -0.25688264132385
 0.28777165056209 -0.25561992751579
 0.27137883834768 -0.25389173698562
 0.25529107609446 -0.25147867442094
 0.23952982975603 -0.24854617003997
 0.22411612961478 -0.24520855300578
 0.20907054222102 -0.24135387003753
 0.19441314295108 -0.23698670507285
 0.18016348922055 -0.23218995283666
 0.16634059438888 -0.22686044867687
 0.15296290238968 -0.22114941806777
 0.14004826312100 -0.21495278090919
 0.12761390862811 -0.20835953125720
 0.11567643011073 -0.20126676546952
 0.10425175578537 -0.19382343285274
 0.09335512963222 -0.18591400416159
 0.08300109105506 -0.17754597750905
 0.07320345548133 -0.16878353507321
 0.06397529592810 -0.15953317628988
 0.05532892555874 -0.15003449460821
 0.04727588125343 -0.14026332292143
 0.03982690821542 -0.13007182954185
 0.03299194563373 -0.11966153286498
 0.02678011342120 -0.10865113914999
 0.02119970004580 -0.09731509881580
 0.01625815147129 -0.08595487226224
 0.01196206122204 -0.07460548372488
 0.00831716158527 -0.06291226333576
 0.00532831596244 -0.05036921139827
 0.00299951238003 -0.03682432239168
 0.00133385816822 -0.02283953627333
 0.00033357581488 -0.00956702816449
 0.00000000000000  0.00000000000000
 0.00033357581488  0.00652875817714
 0.00133385816822  0.01961872328782
 0.00299951238003  0.03397213092385
 0.00532831596244  0.04897494938707
 0.00831716158527  0.06225417088115
 0.01196206122204  0.07417435477883
 0.01625815147129  0.08582002708987
 0.02119970004580  0.09737616543189
 0.02678011342120  0.10909161322921
 0.03299194563373  0.12027729923445
 0.03982690821542  0.13117896597564
 0.04727588125343  0.14187773729873
 0.05532892555874  0.15210584055869
 0.06397529592810  0.16211346367093
 0.07320345548133  0.17172493810746
 0.08300109105506  0.18086684302227
 0.09335512963222  0.18945972540791
 0.10425175578537  0.19771461659856
 0.11567643011073  0.20538052293707
 0.12761390862811  0.21267916611704
 0.14004826312100  0.21948386091421
 0.15296290238968  0.22576405547370
 0.16634059438888  0.23160777978709
 0.18016348922055  0.23695227033382
 0.19441314295108  0.24171310946181
 0.20907054222102  0.24586134330090
 0.22411612961478  0.24947194647450
 0.23952982975603  0.25257702813559
 0.25529107609446  0.25512032965811
 0.27137883834768  0.25714787157976
 0.28777165056209  0.25860107042180
 0.30444763975492  0.25959870304286
 0.32138455509943  0.25997265397303
 0.33855979761428  0.25976010147781
 0.35595045031738  0.25928343412124
 0.37353330880416  0.25807838991262
 0.39128491220922  0.25645065871010
 0.40918157451028  0.25443877151569
 0.42719941613250  0.25191019314961
 0.44531439581106  0.24891608508314
 0.46350234266955  0.24550699016574
 0.48173898847117  0.24174158095352
 0.50000000000000  0.23754851971381
 0.51826101152883  0.23302101134120
 0.53649765733045  0.22806432397402
 0.55468560418894  0.22281813308421
 0.57280058386750  0.21731953435186
 0.59081842548972  0.21153194927773
 0.60871508779078  0.20553075412221
 0.62646669119584  0.19936707922364
 0.64404954968262  0.19290679426429
 0.66144020238572  0.18626892371305
 0.67861544490057  0.17956013581385
 0.69555236024508  0.17258519718732
 0.71222834943791  0.16551344240094
 0.72862116165232  0.15842741261966
 0.74470892390554  0.15127865555111
 0.76047017024397  0.14409316096989
 0.77588387038522  0.13685625525590
 0.79092945777898  0.12956762580578
 0.80558685704892  0.12233909464550
 0.81983651077945  0.11522485961784
 0.83365940561112  0.10821100086554
 0.84703709761032  0.10124031280344
 0.85995173687900  0.09430573540205
 0.87238609137189  0.08754194734947
 0.88432356988927  0.08102004816528
 0.89574824421463  0.07469104700277
 0.90664487036778  0.06855141489576
 0.91699890894494  0.06267667074063
 0.92679654451867  0.05710146425637
 0.93602470407190  0.05174906968173
 0.94467107444126  0.04655415455775
 0.95272411874657  0.04160201465010
 0.96017309178458  0.03706148205130
 0.96700805436627  0.03302535006398
 0.97321988657880  0.02935108085996
 0.97880029995420  0.02580408456080
 0.98374184852871  0.02224419352183
 0.98803793877796  0.01859530583371
 0.99168283841473  0.01483450350040
 0.99467168403756  0.01099886842724
 0.99700048761997  0.00721615091391
 0.99866614183178  0.00376821456964
 0.99966642418512  0.00118600695850
</coords>