<reference>
Airfoil "Interp_071261" created on 26-Apr-2025 14:56:21 for blade project jamiesonsCaseTipDfl
</reference>
<coords>
 1.00000000000000  0.00000000000000
 1.00000000000000 -0.00874139761158
 0.99966642418512 -0.00866463389308
 0.99866614183178 -0.00845591026807
 0.99700048761997 -0.00811051890766
 0.99467168403756 -0.00763266781179
 0.99168283841473 -0.00702919567310
 0.98803793877796 -0.00631048722141
 0.98374184852871 -0.00549160256646
 0.97880029995420 -0.00459358796301
 0.97321988657880 -0.00364493023487
 0.96700805436627 -0.00268311290799
 0.96017309178458 -0.00175622892695
 0.95272411874657 -0.00092460268303
 0.94467107444126 -0.00025743183655
 0.93602470407190  0.00022253870054
 0.92679654451867  0.00054277181333
 0.91699890894494  0.00074264673654
 0.90664487036778  0.00077012571203
 0.89574824421463  0.00051307965036
 0.88432356988927 -0.00009352675016
 0.87238609137189 -0.00101895599462
 0.85995173687900 -0.00224421006290
 0.84703709761032 -0.00382121619203
 0.83365940561112 -0.00579587176435
 0.81983651077945 -0.00817365928664
 0.80558685704892 -0.01096862364540
 0.79092945777898 -0.01421421709170
 0.77588387038522 -0.01794186280953
 0.76047017024397 -0.02216053576558
 0.74470892390554 -0.02682586273962
 0.72862116165232 -0.03191238731229
 0.71222834943791 -0.03740881615087
 0.69555236024508 -0.04328834903234
 0.67861544490057 -0.04950516729840
 0.66144020238572 -0.05599777299338
 0.64404954968262 -0.06269862181396
 0.62646669119584 -0.06954245094868
 0.60871508779078 -0.07645898865554
 0.59081842548972 -0.08336298761052
 0.57280058386750 -0.09017959758654
 0.55468560418894 -0.09684603960976
 0.53649765733045 -0.10328876416560
 0.51826101152883 -0.10944702868477
 0.50000000000000 -0.11528009939074
 0.48173898847117 -0.12073934596090
 0.46350234266955 -0.12578239703448
 0.44531439581106 -0.13038192287293
 0.42719941613250 -0.13452459743753
 0.40918157451028 -0.13819589528656
 0.39128491220922 -0.14137145461399
 0.37353330880416 -0.14407286339965
 0.35595045031738 -0.14629213018544
 0.33855979761428 -0.14800273170231
 0.32138455509943 -0.14921014509476
 0.30444763975492 -0.14992158699232
 0.28777165056209 -0.15015183434694
 0.27137883834768 -0.14991359010918
 0.25529107609446 -0.14901626988600
 0.23952982975603 -0.14733957310768
 0.22411612961478 -0.14536007496278
 0.20907054222102 -0.14313114738839
 0.19441314295108 -0.14061689246913
 0.18016348922055 -0.13780026486971
 0.16634059438888 -0.13466361422312
 0.15296290238968 -0.13117017197914
 0.14004826312100 -0.12702685288646
 0.12761390862811 -0.12248865192344
 0.11567643011073 -0.11762056401109
 0.10425175578537 -0.11244383927485
 0.09335512963222 -0.10699478542155
 0.08300109105506 -0.10130452491096
 0.07320345548133 -0.09540794261905
 0.06397529592810 -0.08933321002892
 0.05532892555874 -0.08311918750632
 0.04727588125343 -0.07678891760504
 0.03982690821542 -0.07037139777354
 0.03299194563373 -0.06391060126112
 0.02678011342120 -0.05743164445260
 0.02119970004580 -0.05094245791059
 0.01625815147129 -0.04446880838649
 0.01196206122204 -0.03802220268554
 0.00831716158527 -0.03161929553530
 0.00532831596244 -0.02526642792578
 0.00299951238003 -0.01902985913232
 0.00133385816822 -0.01282284070040
 0.00033357581488 -0.00441400427179
 0.00000000000000  0.00000000000000
 0.00033357581488  0.00439225535711
 0.00133385816822  0.01319648614228
 0.00299951238003  0.01977251936093
 0.00532831596244  0.02648492008620
 0.00831716158527  0.03320116517853
 0.01196206122204  0.03997293015652
 0.01625815147129  0.04677654485608
 0.02119970004580  0.05354999684544
 0.02678011342120  0.06026578768490
 0.03299194563373  0.06689297452897
 0.03982690821542  0.07342876725152
 0.04727588125343  0.07984923916632
 0.05532892555874  0.08612656736166
 0.06397529592810  0.09221904074771
 0.07320345548133  0.09810871660615
 0.08300109105506  0.10377833304758
 0.09335512963222  0.10918411455360
 0.10425175578537  0.11431069080004
 0.11567643011073  0.11911485946638
 0.12761390862811  0.12358796121681
 0.14004826312100  0.12770181704008
 0.15296290238968  0.13144923092054
 0.16634059438888  0.13458773869415
 0.18016348922055  0.13726000520202
 0.19441314295108  0.13959032407655
 0.20907054222102  0.14158495784769
 0.22411612961478  0.14324090917178
 0.23952982975603  0.14457949946950
 0.25529107609446  0.14561856009957
 0.27137883834768  0.14634692058129
 0.28777165056209  0.14681725829478
 0.30444763975492  0.14668928187767
 0.32138455509943  0.14604668481598
 0.33855979761428  0.14508742255182
 0.35595045031738  0.14382755500563
 0.37353330880416  0.14227111435803
 0.39128491220922  0.14043202304648
 0.40918157451028  0.13832035071850
 0.42719941613250  0.13595376038555
 0.44531439581106  0.13336176078790
 0.46350234266955  0.13055407890504
 0.48173898847117  0.12754399054025
 0.50000000000000  0.12435352518555
 0.51826101152883  0.12100559263671
 0.53649765733045  0.11752787487899
 0.55468560418894  0.11394635972138
 0.57280058386750  0.11026071283015
 0.59081842548972  0.10648722515170
 0.60871508779078  0.10264792049954
 0.62646669119584  0.09874969702789
 0.64404954968262  0.09481340445537
 0.66144020238572  0.09084877733052
 0.67861544490057  0.08686477122583
 0.69555236024508  0.08287877121139
 0.71222834943791  0.07890433079223
 0.72862116165232  0.07494990310180
 0.74470892390554  0.07103160248871
 0.76047017024397  0.06716798394643
 0.77588387038522  0.06336916805403
 0.79092945777898  0.05964929736357
 0.80558685704892  0.05601868936995
 0.81983651077945  0.05247803254696
 0.83365940561112  0.04903851935936
 0.84703709761032  0.04571563824019
 0.85995173687900  0.04251978878466
 0.87238609137189  0.03945655379143
 0.88432356988927  0.03652572561455
 0.89574824421463  0.03373291926471
 0.90664487036778  0.03109167982435
 0.91699890894494  0.02860563461981
 0.92679654451867  0.02626321523788
 0.93602470407190  0.02405602710452
 0.94467107444126  0.02198590360184
 0.95272411874657  0.02005731997043
 0.96017309178458  0.01827385018704
 0.96700805436627  0.01663790716430
 0.97321988657880  0.01515154039279
 0.97880029995420  0.01381661066421
 0.98374184852871  0.01263478742823
 0.98803793877796  0.01160754692567
 0.99168283841473  0.01073617070109
 0.99467168403756  0.01002174425122
 0.99700048761997  0.00946515662520
 0.99866614183178  0.00906709967591
 0.99966642418512  0.00882806772793
 1.00000000000000  0.00874139761158
</coords>