<reference>
Airfoil "Interp_023753" created on 26-Apr-2025 14:56:21 for blade project jamiesonsCaseTipDfl
</reference>
<coords>
 1.00000000000000 -0.00000020287287
 0.99966642418512 -0.00050716684458
 0.99866614183178 -0.00239374496550
 0.99700048761997 -0.00500630625141
 0.99467168403756 -0.00790205436600
 0.99168283841473 -0.01077621559601
 0.98803793877796 -0.01345594015936
 0.98374184852871 -0.01586840961966
 0.97880029995420 -0.01801678406206
 0.97321988657880 -0.01997206894231
 0.96700805436627 -0.02188282734001
 0.96017309178458 -0.02401165511023
 0.95272411874657 -0.02671406242165
 0.94467107444126 -0.03009813221687
 0.93602470407190 -0.03413373365495
 0.92679654451867 -0.03872387040471
 0.91699890894494 -0.04385702934353
 0.90664487036778 -0.04957343954405
 0.89574824421463 -0.05589183681863
 0.88432356988927 -0.06277661029699
 0.87238609137189 -0.07018442237812
 0.85995173687900 -0.07812598411017
 0.84703709761032 -0.08657434742594
 0.83365940561112 -0.09537623434639
 0.81983651077945 -0.10451802350537
 0.80558685704892 -0.11418184654321
 0.79092945777898 -0.12418798644384
 0.77588387038522 -0.13429039994370
 0.76047017024397 -0.14453997926804
 0.74470892390554 -0.15490440355389
 0.72862116165232 -0.16523708413352
 0.71222834943791 -0.17536696207523
 0.69555236024508 -0.18534107992910
 0.67861544490057 -0.19512283392907
 0.66144020238572 -0.20459456572317
 0.64404954968262 -0.21370237505404
 0.62646669119584 -0.22243666860062
 0.60871508779078 -0.23077729232256
 0.59081842548972 -0.23872312358259
 0.57280058386750 -0.24627525248511
 0.55468560418894 -0.25333715850356
 0.53649765733045 -0.25984770883404
 0.51826101152883 -0.26607534745518
 0.50000000000000 -0.27185982645947
 0.48173898847117 -0.27689811893135
 0.46350234266955 -0.28151182729400
 0.44531439581106 -0.28528977734378
 0.42719941613250 -0.28844197534545
 0.40918157451028 -0.29103987343476
 0.39128491220922 -0.29304552811777
 0.37353330880416 -0.29425596468693
 0.35595045031738 -0.29496968655163
 0.33855979761428 -0.29501124780823
 0.32138455509943 -0.29432345195128
 0.30444763975492 -0.29311518713468
 0.28777165056209 -0.29137258049997
 0.27137883834768 -0.28895677657412
 0.25529107609446 -0.28582098184152
 0.23952982975603 -0.28223958239498
 0.22411612961478 -0.27813377126809
 0.20907054222102 -0.27338538746113
 0.19441314295108 -0.26820990327219
 0.18016348922055 -0.26231200613109
 0.16634059438888 -0.25608375667464
 0.15296290238968 -0.24917439064999
 0.14004826312100 -0.24187452819418
 0.12761390862811 -0.23394182228637
 0.11567643011073 -0.22565215033599
 0.10425175578537 -0.21672270199623
 0.09335512963222 -0.20735857695530
 0.08300109105506 -0.19739958268485
 0.07320345548133 -0.18700940905562
 0.06397529592810 -0.17615433382459
 0.05532892555874 -0.16505308698806
 0.04727588125343 -0.15371932786598
 0.03982690821542 -0.14175989980221
 0.03299194563373 -0.12962598460982
 0.02678011342120 -0.11686458477013
 0.02119970004580 -0.10423730805876
 0.01625815147129 -0.09147638726793
 0.01196206122204 -0.07882581538025
 0.00831716158527 -0.06558455085629
 0.00532831596244 -0.05133951355636
 0.00299951238003 -0.03673852490620
 0.00133385816822 -0.02338098371396
 0.00033357581488 -0.01070871158094
 0.00000000000000  0.00000000000000
 0.00033357581488  0.00718756798782
 0.00133385816822  0.02019415794267
 0.00299951238003  0.03360465932478
 0.00532831596244  0.04879333382316
 0.00831716158527  0.06394818901896
 0.01196206122204  0.07756661611433
 0.01625815147129  0.09026559257241
 0.02119970004580  0.10310005123444
 0.02678011342120  0.11581727132351
 0.03299194563373  0.12868014078271
 0.03982690821542  0.14100746856918
 0.04727588125343  0.15318208756385
 0.05532892555874  0.16503734784866
 0.06397529592810  0.17653318259933
 0.07320345548133  0.18779749353976
 0.08300109105506  0.19859073050176
 0.09335512963222  0.20886484505411
 0.10425175578537  0.21854025484817
 0.11567643011073  0.22778762945132
 0.12761390862811  0.23648299080100
 0.14004826312100  0.24464976748180
 0.15296290238968  0.25230028738752
 0.16634059438888  0.25935471900299
 0.18016348922055  0.26591296500412
 0.19441314295108  0.27187783782191
 0.20907054222102  0.27711692524872
 0.22411612961478  0.28168703141597
 0.23952982975603  0.28564565630195
 0.25529107609446  0.28902204187544
 0.27137883834768  0.29172511275293
 0.28777165056209  0.29383830214553
 0.30444763975492  0.29530109706282
 0.32138455509943  0.29622558132515
 0.33855979761428  0.29637543967495
 0.35595045031738  0.29598562896923
 0.37353330880416  0.29521417424160
 0.39128491220922  0.29353469348932
 0.40918157451028  0.29154733510664
 0.42719941613250  0.28898508704753
 0.44531439581106  0.28587203549790
 0.46350234266955  0.28220540914409
 0.48173898847117  0.27816757873382
 0.50000000000000  0.27376592282010
 0.51826101152883  0.26896014834005
 0.53649765733045  0.26375739664283
 0.55468560418894  0.25808343418451
 0.57280058386750  0.25212201004278
 0.59081842548972  0.24585052756583
 0.60871508779078  0.23925993025151
 0.62646669119584  0.23243503757643
 0.64404954968262  0.22540636702367
 0.66144020238572  0.21802302717982
 0.67861544490057  0.21046244778500
 0.69555236024508  0.20278831459027
 0.71222834943791  0.19480118166271
 0.72862116165232  0.18671258864528
 0.74470892390554  0.17859311122597
 0.76047017024397  0.17039232917952
 0.77588387038522  0.16213892204418
 0.79092945777898  0.15379110576170
 0.80558685704892  0.14534463934939
 0.81983651077945  0.13696762478378
 0.83365940561112  0.12873017384654
 0.84703709761032  0.12060805981099
 0.85995173687900  0.11254250815079
 0.87238609137189  0.10453808343775
 0.88432356988927  0.09674263379887
 0.89574824421463  0.08922576580493
 0.90664487036778  0.08193845427238
 0.91699890894494  0.07488483763231
 0.92679654451867  0.06814191806560
 0.93602470407190  0.06173983473954
 0.94467107444126  0.05561046262334
 0.95272411874657  0.04970527818285
 0.96017309178458  0.04410893287596
 0.96700805436627  0.03895896407771
 0.97321988657880  0.03432404325377
 0.97880029995420  0.03004097603884
 0.98374184852871  0.02589964802293
 0.98803793877796  0.02177685282706
 0.99168283841473  0.01760539594031
 0.99467168403756  0.01336715763764
 0.99700048761997  0.00911010163146
 0.99866614183178  0.00502259510539
 0.99966642418512  0.00164130966169
</coords>