<reference>
Airfoil "Interp_076539" created on 26-Apr-2025 14:56:21 for blade project jamiesonsCaseTipDfl
</reference>
<coords>
 1.00000000000000  0.00000000000000
 1.00000000000000 -0.00760870581697
 0.99966642418512 -0.00743685028396
 0.99866614183178 -0.00723560227259
 0.99700048761997 -0.00690379606822
 0.99467168403756 -0.00644713547042
 0.99168283841473 -0.00587417237927
 0.98803793877796 -0.00519685916417
 0.98374184852871 -0.00443124606963
 0.97880029995420 -0.00359825281402
 0.97321988657880 -0.00272453197208
 0.96700805436627 -0.00184346972313
 0.96017309178458 -0.00099612652659
 0.95272411874657 -0.00023198871082
 0.94467107444126  0.00041025369732
 0.93602470407190  0.00092821653548
 0.92679654451867  0.00133382495298
 0.91699890894494  0.00158610053064
 0.90664487036778  0.00158180314786
 0.89574824421463  0.00126518400688
 0.88432356988927  0.00070838441853
 0.87238609137189 -0.00004602482857
 0.85995173687900 -0.00108979560976
 0.84703709761032 -0.00247810426441
 0.83365940561112 -0.00418098595454
 0.81983651077945 -0.00626888573447
 0.80558685704892 -0.00885613829992
 0.79092945777898 -0.01191748644257
 0.77588387038522 -0.01542130271713
 0.76047017024397 -0.01936742997079
 0.74470892390554 -0.02376971285223
 0.72862116165232 -0.02860992541109
 0.71222834943791 -0.03384821897493
 0.69555236024508 -0.03944320017291
 0.67861544490057 -0.04535296917987
 0.66144020238572 -0.05152121706189
 0.64404954968262 -0.05789610042481
 0.62646669119584 -0.06440819514324
 0.60871508779078 -0.07098018321253
 0.59081842548972 -0.07754591552960
 0.57280058386750 -0.08402811653881
 0.55468560418894 -0.09036241495466
 0.53649765733045 -0.09648580440436
 0.51826101152883 -0.10233743938420
 0.50000000000000 -0.10786496134942
 0.48173898847117 -0.11303109616926
 0.46350234266955 -0.11780374399675
 0.44531439581106 -0.12214705190590
 0.42719941613250 -0.12609759157214
 0.40918157451028 -0.13010025625488
 0.39128491220922 -0.13351902025187
 0.37353330880416 -0.13639572570696
 0.35595045031738 -0.13871111026111
 0.33855979761428 -0.14044748157053
 0.32138455509943 -0.14163734268047
 0.30444763975492 -0.14192416518370
 0.28777165056209 -0.14113234670785
 0.27137883834768 -0.14010035177803
 0.25529107609446 -0.13883165571102
 0.23952982975603 -0.13726928263495
 0.22411612961478 -0.13536026263125
 0.20907054222102 -0.13307347261934
 0.19441314295108 -0.13039042668968
 0.18016348922055 -0.12732737491351
 0.16634059438888 -0.12387907056028
 0.15296290238968 -0.12006347578216
 0.14004826312100 -0.11589753745689
 0.12761390862811 -0.11140780778023
 0.11567643011073 -0.10662468001621
 0.10425175578537 -0.10157793236322
 0.09335512963222 -0.09628490718708
 0.08300109105506 -0.09078426159360
 0.07320345548133 -0.08509830615571
 0.06397529592810 -0.07927259319660
 0.05532892555874 -0.07333104616887
 0.04727588125343 -0.06730124593563
 0.03982690821542 -0.06120979528003
 0.03299194563373 -0.05510287947272
 0.02678011342120 -0.04907463576736
 0.02119970004580 -0.04311219075307
 0.01625815147129 -0.03721313911031
 0.01196206122204 -0.03140981967645
 0.00831716158527 -0.02581184084895
 0.00532831596244 -0.02032948191610
 0.00299951238003 -0.01490868371298
 0.00133385816822 -0.00961556835587
 0.00033357581488 -0.00413482349149
 0.00000000000000  0.00000000000000
 0.00033357581488  0.00482606578180
 0.00133385816822  0.01125302781499
 0.00299951238003  0.01741536643562
 0.00532831596244  0.02331142564342
 0.00831716158527  0.02921984986265
 0.01196206122204  0.03532382284615
 0.01625815147129  0.04142328765736
 0.02119970004580  0.04760575799429
 0.02678011342120  0.05394701373141
 0.03299194563373  0.06022059066719
 0.03982690821542  0.06641214146077
 0.04727588125343  0.07249732011213
 0.05532892555874  0.07845495651841
 0.06397529592810  0.08427149524741
 0.07320345548133  0.08992129385399
 0.08300109105506  0.09536955776620
 0.09335512963222  0.10059877987253
 0.10425175578537  0.10557525659550
 0.11567643011073  0.11029029680842
 0.12761390862811  0.11470248903701
 0.14004826312100  0.11880443195974
 0.15296290238968  0.12257000580277
 0.16634059438888  0.12597758236583
 0.18016348922055  0.12901529031537
 0.19441314295108  0.13168972847914
 0.20907054222102  0.13398974467248
 0.22411612961478  0.13588360074623
 0.23952982975603  0.13736425593855
 0.25529107609446  0.13847176200507
 0.27137883834768  0.13921953151703
 0.28777165056209  0.13965174210224
 0.30444763975492  0.13979354802506
 0.32138455509943  0.13965525333700
 0.33855979761428  0.13934811380211
 0.35595045031738  0.13814747502753
 0.37353330880416  0.13646696579998
 0.39128491220922  0.13450863980302
 0.40918157451028  0.13250899854359
 0.42719941613250  0.13035120988420
 0.44531439581106  0.12793965810272
 0.46350234266955  0.12530074348883
 0.48173898847117  0.12247054154284
 0.50000000000000  0.11945556978971
 0.51826101152883  0.11627342400312
 0.53649765733045  0.11294399591478
 0.55468560418894  0.10948844017445
 0.57280058386750  0.10591967981845
 0.59081842548972  0.10227149841283
 0.60871508779078  0.09854736950241
 0.62646669119584  0.09476570541170
 0.64404954968262  0.09093797451463
 0.66144020238572  0.08708381881962
 0.67861544490057  0.08321593586438
 0.69555236024508  0.07934541356370
 0.71222834943791  0.07548556256306
 0.72862116165232  0.07165153055818
 0.74470892390554  0.06785700597274
 0.76047017024397  0.06411254012007
 0.77588387038522  0.06043000071142
 0.79092945777898  0.05682118606829
 0.80558685704892  0.05329942668863
 0.81983651077945  0.04987744607571
 0.83365940561112  0.04655474529011
 0.84703709761032  0.04333737887103
 0.85995173687900  0.04024051570594
 0.87238609137189  0.03727557145744
 0.88432356988927  0.03444445211630
 0.89574824421463  0.03173389972398
 0.90664487036778  0.02916220420265
 0.91699890894494  0.02678165657635
 0.92679654451867  0.02458897711045
 0.93602470407190  0.02252645594927
 0.94467107444126  0.02056437786316
 0.95272411874657  0.01871744203924
 0.96017309178458  0.01700186781152
 0.96700805436627  0.01542471591726
 0.97321988657880  0.01398741063493
 0.97880029995420  0.01269179210109
 0.98374184852871  0.01154015184638
 0.98803793877796  0.01053503219192
 0.99168283841473  0.00967904850332
 0.99467168403756  0.00897471348380
 0.99700048761997  0.00842429813809
 0.99866614183178  0.00802970045624
 0.99966642418512  0.00779234964266
 1.00000000000000  0.00760870581697
</coords>