<reference>
Airfoil "Interp_073900" created on 26-Apr-2025 14:56:21 for blade project jamiesonsCaseTipDfl
</reference>
<coords>
 1.00000000000000  0.00000000000000
 1.00000000000000 -0.00818427045307
 0.99966642418512 -0.00807173131459
 0.99866614183178 -0.00786671305574
 0.99700048761997 -0.00752789929540
 0.99467168403756 -0.00706003755045
 0.99168283841473 -0.00647059643218
 0.98803793877796 -0.00577056172651
 0.98374184852871 -0.00497541921242
 0.97880029995420 -0.00410631221052
 0.97321988657880 -0.00319127538629
 0.96700805436627 -0.00226659920630
 0.96017309178458 -0.00137826326964
 0.95272411874657 -0.00058335183390
 0.94467107444126  0.00005918189498
 0.93602470407190  0.00054134574951
 0.92679654451867  0.00089102144845
 0.91699890894494  0.00112093938840
 0.90664487036778  0.00113539556187
 0.89574824421463  0.00080754519086
 0.88432356988927  0.00013982910435
 0.87238609137189 -0.00077057801183
 0.85995173687900 -0.00193130814880
 0.84703709761032 -0.00344782839429
 0.83365940561112 -0.00535020683913
 0.81983651077945 -0.00762173104445
 0.80558685704892 -0.01032032460130
 0.79092945777898 -0.01350614244047
 0.77588387038522 -0.01717726416946
 0.76047017024397 -0.02130804916249
 0.74470892390554 -0.02587267140778
 0.72862116165232 -0.03086878874900
 0.71222834943791 -0.03627627861659
 0.69555236024508 -0.04205638914264
 0.67861544490057 -0.04815799534494
 0.66144020238572 -0.05452285118027
 0.64404954968262 -0.06108860112740
 0.62646669119584 -0.06779296387606
 0.60871508779078 -0.07455942182824
 0.59081842548972 -0.08130816786945
 0.57280058386750 -0.08797306359547
 0.55468560418894 -0.09448332250579
 0.53649765733045 -0.10076812500513
 0.51826101152883 -0.10678175207795
 0.50000000000000 -0.11246809745836
 0.48173898847117 -0.11778098747690
 0.46350234266955 -0.12268421296289
 0.44531439581106 -0.12715754131323
 0.42719941613250 -0.13118572816799
 0.40918157451028 -0.13471365727252
 0.39128491220922 -0.13791553545947
 0.37353330880416 -0.14075490266954
 0.35595045031738 -0.14304930474725
 0.33855979761428 -0.14481501634263
 0.32138455509943 -0.14605945396847
 0.30444763975492 -0.14677220700857
 0.28777165056209 -0.14701390442389
 0.27137883834768 -0.14621337694004
 0.25529107609446 -0.14445965619751
 0.23952982975603 -0.14261371339485
 0.22411612961478 -0.14063561870996
 0.20907054222102 -0.13846529761279
 0.19441314295108 -0.13605033317728
 0.18016348922055 -0.13335436934445
 0.16634059438888 -0.13021591410591
 0.15296290238968 -0.12635462461776
 0.14004826312100 -0.12214414648922
 0.12761390862811 -0.11759320747737
 0.11567643011073 -0.11271935409941
 0.10425175578537 -0.10756093880191
 0.09335512963222 -0.10214409526516
 0.08300109105506 -0.09650698409457
 0.07320345548133 -0.09066743399154
 0.06397529592810 -0.08466983132922
 0.05532892555874 -0.07853043073438
 0.04727588125343 -0.07229295590648
 0.03982690821542 -0.06599048661416
 0.03299194563373 -0.05964259216258
 0.02678011342120 -0.05326618516667
 0.02119970004580 -0.04691828415986
 0.01625815147129 -0.04063548347309
 0.01196206122204 -0.03440660179631
 0.00831716158527 -0.02827774289514
 0.00532831596244 -0.02229760988117
 0.00299951238003 -0.01654189509992
 0.00133385816822 -0.01046614787658
 0.00033357581488 -0.00409598295082
 0.00000000000000  0.00000000000000
 0.00033357581488  0.00441656461749
 0.00133385816822  0.01172169208805
 0.00299951238003  0.01817339539361
 0.00532831596244  0.02428619206654
 0.00831716158527  0.03071110502939
 0.01196206122204  0.03713800355541
 0.01625815147129  0.04369792072878
 0.02119970004580  0.05031613886978
 0.02678011342120  0.05688626412198
 0.03299194563373  0.06339498573120
 0.03982690821542  0.06980979943787
 0.04727588125343  0.07611888341032
 0.05532892555874  0.08229741669096
 0.06397529592810  0.08831802339655
 0.07320345548133  0.09414987396841
 0.08300109105506  0.09976056601608
 0.09335512963222  0.10513937755554
 0.10425175578537  0.11024839085969
 0.11567643011073  0.11506726840225
 0.12761390862811  0.11956522154577
 0.14004826312100  0.12372115902032
 0.15296290238968  0.12751760652807
 0.16634059438888  0.13095974190744
 0.18016348922055  0.13382452246461
 0.19441314295108  0.13608963648042
 0.20907054222102  0.13803170280371
 0.22411612961478  0.13967071650227
 0.23952982975603  0.14101678209681
 0.25529107609446  0.14210225969609
 0.27137883834768  0.14294683135313
 0.28777165056209  0.14356353839508
 0.30444763975492  0.14402016419809
 0.32138455509943  0.14376063659931
 0.33855979761428  0.14274236390236
 0.35595045031738  0.14142787760671
 0.37353330880416  0.13989120244274
 0.39128491220922  0.13814935672283
 0.40918157451028  0.13612882826877
 0.42719941613250  0.13385115531663
 0.44531439581106  0.13133392766480
 0.46350234266955  0.12860572561630
 0.48173898847117  0.12567546430484
 0.50000000000000  0.12255849980863
 0.51826101152883  0.11927908569019
 0.53649765733045  0.11585488476406
 0.55468560418894  0.11231610789427
 0.57280058386750  0.10868253040628
 0.59081842548972  0.10495778453985
 0.60871508779078  0.10116070520061
 0.62646669119584  0.09730770700648
 0.64404954968262  0.09341126025553
 0.66144020238572  0.08948947587484
 0.67861544490057  0.08554994053239
 0.69555236024508  0.08160620984344
 0.71222834943791  0.07767441191167
 0.72862116165232  0.07376676934793
 0.74470892390554  0.06989322150207
 0.76047017024397  0.06607088117433
 0.77588387038522  0.06231307474316
 0.79092945777898  0.05863150695647
 0.80558685704892  0.05504060362482
 0.81983651077945  0.05154327356634
 0.83365940561112  0.04814338898338
 0.84703709761032  0.04485633645994
 0.85995173687900  0.04169485738226
 0.87238609137189  0.03866686782814
 0.88432356988927  0.03576867838388
 0.89574824421463  0.03300032978502
 0.90664487036778  0.03038970555419
 0.91699890894494  0.02795638793327
 0.92679654451867  0.02567371634801
 0.93602470407190  0.02351164917991
 0.94467107444126  0.02146794839409
 0.95272411874657  0.01955527642881
 0.96017309178458  0.01778295193054
 0.96700805436627  0.01615436346194
 0.97321988657880  0.01467140489460
 0.97880029995420  0.01333621576881
 0.98374184852871  0.01215106889379
 0.98803793877796  0.01111825999244
 0.99168283841473  0.01024000260291
 0.99467168403756  0.00951833916640
 0.99700048761997  0.00895505671822
 0.99866614183178  0.00855161847717
 0.99966642418512  0.00830911005064
 1.00000000000000  0.00818427045307
</coords>