<reference>
Airfoil "Interp_087097" created on 26-Apr-2025 14:56:21 for blade project jamiesonsCaseTipDfl
</reference>
<coords>
 1.00000000000000  0.00000000000000
 1.00000000000000 -0.00550250819335
 0.99966642418512 -0.00509011246906
 0.99866614183178 -0.00491982726755
 0.99700048761997 -0.00463962878297
 0.99467168403756 -0.00425493238810
 0.99168283841473 -0.00377331002663
 0.98803793877796 -0.00320448815006
 0.98374184852871 -0.00256036934086
 0.97880029995420 -0.00185496276623
 0.97321988657880 -0.00110445005952
 0.96700805436627 -0.00032712694475
 0.96017309178458  0.00045659117571
 0.95272411874657  0.00122442492254
 0.94467107444126  0.00195642043248
 0.93602470407190  0.00263604299987
 0.92679654451867  0.00324138060733
 0.91699890894494  0.00371914074143
 0.90664487036778  0.00400020898671
 0.89574824421463  0.00403299794851
 0.88432356988927  0.00377894204822
 0.87238609137189  0.00322000929781
 0.85995173687900  0.00234785313571
 0.84703709761032  0.00113542615629
 0.83365940561112 -0.00041857406383
 0.81983651077945 -0.00226646876658
 0.80558685704892 -0.00446124157534
 0.79092945777898 -0.00708577444104
 0.77588387038522 -0.01015450414436
 0.76047017024397 -0.01369378383837
 0.74470892390554 -0.01769974157135
 0.72862116165232 -0.02213554774919
 0.71222834943791 -0.02697583650395
 0.69555236024508 -0.03219926269454
 0.67861544490057 -0.03776010213998
 0.66144020238572 -0.04361297052845
 0.64404954968262 -0.04970440223003
 0.62646669119584 -0.05596085329645
 0.60871508779078 -0.06231085431025
 0.59081842548972 -0.06867951449849
 0.57280058386750 -0.07499586847692
 0.55468560418894 -0.08118191012864
 0.53649765733045 -0.08716956845310
 0.51826101152883 -0.09289207287549
 0.50000000000000 -0.09829783865869
 0.48173898847117 -0.10334764343282
 0.46350234266955 -0.10800634120900
 0.44531439581106 -0.11210749863770
 0.42719941613250 -0.11556918376761
 0.40918157451028 -0.11862203408001
 0.39128491220922 -0.12124671763139
 0.37353330880416 -0.12347701967426
 0.35595045031738 -0.12530824577620
 0.33855979761428 -0.12675627647932
 0.32138455509943 -0.12782872670691
 0.30444763975492 -0.12854652132616
 0.28777165056209 -0.12891393109937
 0.27137883834768 -0.12894309688885
 0.25529107609446 -0.12864360669604
 0.23952982975603 -0.12801822222317
 0.22411612961478 -0.12704786800194
 0.20907054222102 -0.12505632917264
 0.19441314295108 -0.12257732554760
 0.18016348922055 -0.11970469244034
 0.16634059438888 -0.11645540424236
 0.15296290238968 -0.11284520967876
 0.14004826312100 -0.10890195329581
 0.12761390862811 -0.10465863592091
 0.11567643011073 -0.10012588896332
 0.10425175578537 -0.09534338572461
 0.09335512963222 -0.09033012950437
 0.08300109105506 -0.08513053923435
 0.07320345548133 -0.07977188089093
 0.06397529592810 -0.07428959636330
 0.05532892555874 -0.06870545036657
 0.04727588125343 -0.06304212483692
 0.03982690821542 -0.05739127710304
 0.03299194563373 -0.05181097632206
 0.02678011342120 -0.04626633708740
 0.02119970004580 -0.04075291702541
 0.01625815147129 -0.03529142896233
 0.01196206122204 -0.02998087037170
 0.00831716158527 -0.02480286162777
 0.00532831596244 -0.01958703330949
 0.00299951238003 -0.01445899612946
 0.00133385816822 -0.00956272193078
 0.00033357581488 -0.00399973108324
 0.00000000000000  0.00000000000000
 0.00033357581488  0.00459432280255
 0.00133385816822  0.01109999774084
 0.00299951238003  0.01716733053392
 0.00532831596244  0.02302410170448
 0.00831716158527  0.02879201672894
 0.01196206122204  0.03464446325134
 0.01625815147129  0.04054355744229
 0.02119970004580  0.04639601002016
 0.02678011342120  0.05229868362455
 0.03299194563373  0.05835629566506
 0.03982690821542  0.06431553104642
 0.04727588125343  0.07014062876223
 0.05532892555874  0.07582210980879
 0.06397529592810  0.08136302561245
 0.07320345548133  0.08674036048333
 0.08300109105506  0.09191706977424
 0.09335512963222  0.09687880370327
 0.10425175578537  0.10160574609424
 0.11567643011073  0.10607237140652
 0.12761390862811  0.11025920533281
 0.14004826312100  0.11414503520427
 0.15296290238968  0.11770123626293
 0.16634059438888  0.12093359772781
 0.18016348922055  0.12381390998327
 0.19441314295108  0.12633570494001
 0.20907054222102  0.12847847320921
 0.22411612961478  0.13023754037166
 0.23952982975603  0.13111261172471
 0.25529107609446  0.13167103684311
 0.27137883834768  0.13202281028509
 0.28777165056209  0.13215724316767
 0.30444763975492  0.13208543223935
 0.32138455509943  0.13178281939839
 0.33855979761428  0.13123985230020
 0.35595045031738  0.13044246980242
 0.37353330880416  0.12940132488806
 0.39128491220922  0.12807484062628
 0.40918157451028  0.12646441433681
 0.42719941613250  0.12445601491517
 0.44531439581106  0.12211907216921
 0.46350234266955  0.11955935992217
 0.48173898847117  0.11678905128641
 0.50000000000000  0.11384000715920
 0.51826101152883  0.11072284132865
 0.53649765733045  0.10745629593753
 0.55468560418894  0.10405973069190
 0.57280058386750  0.10055685610942
 0.59081842548972  0.09695142999928
 0.60871508779078  0.09327386544895
 0.62646669119584  0.08953407050287
 0.64404954968262  0.08575395098425
 0.66144020238572  0.08193985764330
 0.67861544490057  0.07811848577614
 0.69555236024508  0.07430160790954
 0.71222834943791  0.07050550478956
 0.72862116165232  0.06674693864517
 0.74470892390554  0.06304036640609
 0.76047017024397  0.05939817828468
 0.77588387038522  0.05583115600789
 0.79092945777898  0.05234888166983
 0.80558685704892  0.04896055429530
 0.81983651077945  0.04567799739523
 0.83365940561112  0.04250794864893
 0.84703709761032  0.03945015316369
 0.85995173687900  0.03651411082103
 0.87238609137189  0.03370641196559
 0.88432356988927  0.03102638338750
 0.89574824421463  0.02848062040781
 0.90664487036778  0.02607483506053
 0.91699890894494  0.02379651872358
 0.92679654451867  0.02163650146174
 0.93602470407190  0.01960666301503
 0.94467107444126  0.01771874303641
 0.95272411874657  0.01597214026527
 0.96017309178458  0.01436297274882
 0.96700805436627  0.01289008204930
 0.97321988657880  0.01155508997200
 0.97880029995420  0.01035938313711
 0.98374184852871  0.00930385861752
 0.98803793877796  0.00838903040046
 0.99168283841473  0.00761512520092
 0.99467168403756  0.00698217816847
 0.99700048761997  0.00649010277830
 0.99866614183178  0.00613876349953
 0.99966642418512  0.00592802486958
 1.00000000000000  0.00550250819335
</coords>