<reference>
Airfoil "Interp_007917" created on 26-Apr-2025 14:56:21 for blade project jamiesonsCaseTipDfl
</reference>
<coords>
 1.00000000000000 -0.00000000014673
 0.99966642418512 -0.01543228057715
 0.99866614183178 -0.03650649073569
 0.99700048761997 -0.05504177908129
 0.99467168403756 -0.07276550477034
 0.99168283841473 -0.09063657788687
 0.98803793877796 -0.10860652863933
 0.98374184852871 -0.12641234135469
 0.97880029995420 -0.14397204019949
 0.97321988657880 -0.16133903976314
 0.96700805436627 -0.17852700573657
 0.96017309178458 -0.19547703421428
 0.95272411874657 -0.21214271401653
 0.94467107444126 -0.22852588296697
 0.93602470407190 -0.24461854795972
 0.92679654451867 -0.26038514272872
 0.91699890894494 -0.27579705664852
 0.90664487036778 -0.29084416166053
 0.89574824421463 -0.30550921187906
 0.88432356988927 -0.31976143278295
 0.87238609137189 -0.33357706707177
 0.85995173687900 -0.34695078769681
 0.84703709761032 -0.35986736269483
 0.83365940561112 -0.37230574234979
 0.81983651077945 -0.38425117757321
 0.80558685704892 -0.39567737902633
 0.79092945777898 -0.40656866228738
 0.77588387038522 -0.41692096042755
 0.76047017024397 -0.42672278447159
 0.74470892390554 -0.43594987361716
 0.72862116165232 -0.44459524663800
 0.71222834943791 -0.45265572190558
 0.69555236024508 -0.46010339475116
 0.67861544490057 -0.46693353497080
 0.66144020238572 -0.47316142116291
 0.64404954968262 -0.47873501363434
 0.62646669119584 -0.48366238146683
 0.60871508779078 -0.48797794267682
 0.59081842548972 -0.49161315617301
 0.57280058386750 -0.49460483207170
 0.55468560418894 -0.49697417042656
 0.53649765733045 -0.49858884148116
 0.51826101152883 -0.49955072289545
 0.50000000000000 -0.49991079770676
 0.48173898847117 -0.49955299731047
 0.46350234266955 -0.49859185375630
 0.44531439581106 -0.49696969199561
 0.42719941613250 -0.49460638626115
 0.40918157451028 -0.49162429585048
 0.39128491220922 -0.48796956652238
 0.37353330880416 -0.48367728562198
 0.35595045031738 -0.47873366396161
 0.33855979761428 -0.47316009245594
 0.32138455509943 -0.46694041932213
 0.30444763975492 -0.46010989249811
 0.28777165056209 -0.45265231127725
 0.27137883834768 -0.44460472032489
 0.25529107609446 -0.43595575400061
 0.23952982975603 -0.42672502931245
 0.22411612961478 -0.41692807703271
 0.20907054222102 -0.40657562150171
 0.19441314295108 -0.39568409463514
 0.18016348922055 -0.38425698933703
 0.16634059438888 -0.37231458256495
 0.15296290238968 -0.35987563064405
 0.14004826312100 -0.34696010416641
 0.12761390862811 -0.33358624287087
 0.11567643011073 -0.31976959859990
 0.10425175578537 -0.30552044245526
 0.09335512963222 -0.29085584025651
 0.08300109105506 -0.27580970988981
 0.07320345548133 -0.26038737370063
 0.06397529592810 -0.24464017152648
 0.05532892555874 -0.22854423326932
 0.04727588125343 -0.21215032424658
 0.03982690821542 -0.19548855554224
 0.03299194563373 -0.17853451040538
 0.02678011342120 -0.16139772693835
 0.02119970004580 -0.14396096708052
 0.01625815147129 -0.12640912787411
 0.01196206122204 -0.10864664612328
 0.00831716158527 -0.09067018771575
 0.00532831596244 -0.07290401774813
 0.00299951238003 -0.05451722327700
 0.00133385816822 -0.03705853166077
 0.00033357581488 -0.01627564667105
 0.00000000000000  0.00000000000000
 0.00033357581488  0.01644741859236
 0.00133385816822  0.03719968452752
 0.00299951238003  0.05467597895746
 0.00532831596244  0.07306072278788
 0.00831716158527  0.09082385149347
 0.01196206122204  0.10880276214970
 0.01625815147129  0.12656216779764
 0.02119970004580  0.14411678938766
 0.02678011342120  0.16155178346052
 0.03299194563373  0.17868940483593
 0.03982690821542  0.19564388828877
 0.04727588125343  0.21230513332016
 0.05532892555874  0.22869908836744
 0.06397529592810  0.24479572647817
 0.07320345548133  0.26054187617462
 0.08300109105506  0.27596497520489
 0.09335512963222  0.29101114921908
 0.10425175578537  0.30567510667157
 0.11567643011073  0.31992346262474
 0.12761390862811  0.33374093944871
 0.14004826312100  0.34711503857164
 0.15296290238968  0.36002993711145
 0.16634059438888  0.37246921641005
 0.18016348922055  0.38441213279664
 0.19441314295108  0.39583783532504
 0.20907054222102  0.40673179939259
 0.22411612961478  0.41708355810563
 0.23952982975603  0.42687842847444
 0.25529107609446  0.43611488050890
 0.27137883834768  0.44475583751625
 0.28777165056209  0.45281297678149
 0.30444763975492  0.46026147627537
 0.32138455509943  0.46710109346333
 0.33855979761428  0.47331224791218
 0.35595045031738  0.47889468131626
 0.37353330880416  0.48382359846488
 0.39128491220922  0.48813436887942
 0.40918157451028  0.49175556754778
 0.42719941613250  0.49478850941489
 0.44531439581106  0.49708047583104
 0.46350234266955  0.49880337246591
 0.48173898847117  0.49968227006779
 0.50000000000000  0.50008839421095
 0.51826101152883  0.49968490589015
 0.53649765733045  0.49880154582922
 0.55468560418894  0.49707896329116
 0.57280058386750  0.49478232869722
 0.59081842548972  0.49176514183690
 0.60871508779078  0.48811741568345
 0.62646669119584  0.48383817773593
 0.64404954968262  0.47888303033494
 0.66144020238572  0.47330673362311
 0.67861544490057  0.46710172021996
 0.69555236024508  0.46025509418405
 0.71222834943791  0.45280422343763
 0.72862116165232  0.44475667972508
 0.74470892390554  0.43610383066237
 0.76047017024397  0.42687289735768
 0.77588387038522  0.41707886064628
 0.79092945777898  0.40672402849666
 0.80558685704892  0.39582943127230
 0.81983651077945  0.38440608564048
 0.83365940561112  0.37246166281316
 0.84703709761032  0.36002121042159
 0.85995173687900  0.34710654467812
 0.87238609137189  0.33373100433886
 0.88432356988927  0.31991532841502
 0.89574824421463  0.30566666616889
 0.90664487036778  0.29100105724072
 0.91699890894494  0.27594796735782
 0.92679654451867  0.26053912562392
 0.93602470407190  0.24478193631728
 0.94467107444126  0.22868221806383
 0.95272411874657  0.21228683880002
 0.96017309178458  0.19563446913568
 0.96700805436627  0.17869738907361
 0.97321988657880  0.16149570420887
 0.97880029995420  0.14411404736586
 0.98374184852871  0.12657377994750
 0.98803793877796  0.10878945799680
 0.99168283841473  0.09080501102888
 0.99467168403756  0.07288825662557
 0.99700048761997  0.05518721463775
 0.99866614183178  0.03676533698212
 0.99966642418512  0.01554758199415
</coords>