<reference>
Airfoil "Interp_068621" created on 26-Apr-2025 14:56:21 for blade project jamiesonsCaseTipDfl
</reference>
<coords>
 1.00000000000000  0.00000000000000
 1.00000000000000 -0.00938276337149
 0.99966642418512 -0.00932917230435
 0.99866614183178 -0.00911412851795
 0.99700048761997 -0.00875842682476
 0.99467168403756 -0.00826660839534
 0.99168283841473 -0.00764597402164
 0.98803793877796 -0.00690749495413
 0.98374184852871 -0.00606693556481
 0.97880029995420 -0.00514615459674
 0.97321988657880 -0.00417454646252
 0.96700805436627 -0.00319058172165
 0.96017309178458 -0.00224338627924
 0.95272411874657 -0.00139435378615
 0.94467107444126 -0.00071350571615
 0.93602470407190 -0.00022656406863
 0.92679654451867  0.00008611607668
 0.91699890894494  0.00025723884739
 0.90664487036778  0.00026295730527
 0.89574824421463  0.00004736846772
 0.88432356988927 -0.00045200699797
 0.87238609137189 -0.00130362888008
 0.85995173687900 -0.00255389984570
 0.84703709761032 -0.00418950354743
 0.83365940561112 -0.00620254698690
 0.81983651077945 -0.00862017621678
 0.80558685704892 -0.01146804202348
 0.79092945777898 -0.01476698490495
 0.77588387038522 -0.01854823557795
 0.76047017024397 -0.02282290810853
 0.74470892390554 -0.02754455615490
 0.72862116165232 -0.03268840598654
 0.71222834943791 -0.03824232409573
 0.69555236024508 -0.04417987897292
 0.67861544490057 -0.05045434191963
 0.66144020238572 -0.05700289942317
 0.64404954968262 -0.06375763452554
 0.62646669119584 -0.07065291404107
 0.60871508779078 -0.07761705843062
 0.59081842548972 -0.08456438594785
 0.57280058386750 -0.09142107807059
 0.55468560418894 -0.09812389817825
 0.53649765733045 -0.10459798181994
 0.51826101152883 -0.11078526528191
 0.50000000000000 -0.11664399783764
 0.48173898847117 -0.12212565091314
 0.46350234266955 -0.12718870607264
 0.44531439581106 -0.13180667965892
 0.42719941613250 -0.13596641805476
 0.40918157451028 -0.13965167700132
 0.39128491220922 -0.14284185139442
 0.37353330880416 -0.14553965456039
 0.35595045031738 -0.14773456032973
 0.33855979761428 -0.14942688731758
 0.32138455509943 -0.15061680501271
 0.30444763975492 -0.15131404010346
 0.28777165056209 -0.15153880588328
 0.27137883834768 -0.15124238216498
 0.25529107609446 -0.15065837498348
 0.23952982975603 -0.14984660833984
 0.22411612961478 -0.14839049918777
 0.20907054222102 -0.14632508605812
 0.19441314295108 -0.14369021220697
 0.18016348922055 -0.14053812904165
 0.16634059438888 -0.13678158717842
 0.15296290238968 -0.13260898706058
 0.14004826312100 -0.12839352724512
 0.12761390862811 -0.12381852104939
 0.11567643011073 -0.11892197833894
 0.10425175578537 -0.11371390932499
 0.09335512963222 -0.10823589715086
 0.08300109105506 -0.10251521926789
 0.07320345548133 -0.09659054655638
 0.06397529592810 -0.09048514707556
 0.05532892555874 -0.08424244656450
 0.04727588125343 -0.07787884644589
 0.03982690821542 -0.07142879653470
 0.03299194563373 -0.06493273980297
 0.02678011342120 -0.05841066994210
 0.02119970004580 -0.05187047944824
 0.01625815147129 -0.04533837831975
 0.01196206122204 -0.03882388803807
 0.00831716158527 -0.03233096846208
 0.00532831596244 -0.02587415515980
 0.00299951238003 -0.01954118406740
 0.00133385816822 -0.01317359445804
 0.00033357581488 -0.00443979083201
 0.00000000000000  0.00000000000000
 0.00033357581488  0.00442792298324
 0.00133385816822  0.01348730008465
 0.00299951238003  0.02024472296810
 0.00532831596244  0.02704090016870
 0.00831716158527  0.03385927221617
 0.01196206122204  0.04072532854510
 0.01625815147129  0.04760217667244
 0.02119970004580  0.05444644244919
 0.02678011342120  0.06122923799880
 0.03299194563373  0.06791630899236
 0.03982690821542  0.07450503016226
 0.04727588125343  0.08097200216223
 0.05532892555874  0.08729355300325
 0.06397529592810  0.09342938557255
 0.07320345548133  0.09935610243742
 0.08300109105506  0.10506042353076
 0.09335512963222  0.11050208930414
 0.10425175578537  0.11566189540990
 0.11567643011073  0.12050041158888
 0.12761390862811  0.12500611838471
 0.14004826312100  0.12915549293268
 0.15296290238968  0.13291941808638
 0.16634059438888  0.13650987027831
 0.18016348922055  0.13975073865699
 0.19441314295108  0.14249453658325
 0.20907054222102  0.14475676531748
 0.22411612961478  0.14651933755101
 0.23952982975603  0.14778831911331
 0.25529107609446  0.14857431170379
 0.27137883834768  0.14888006592532
 0.28777165056209  0.14865697831187
 0.30444763975492  0.14826352234629
 0.32138455509943  0.14766372404429
 0.33855979761428  0.14670908066680
 0.35595045031738  0.14544469633598
 0.37353330880416  0.14387045380644
 0.39128491220922  0.14200998694940
 0.40918157451028  0.13987545042195
 0.42719941613250  0.13748030469035
 0.44531439581106  0.13485706269346
 0.46350234266955  0.13201519272883
 0.48173898847117  0.12896861057336
 0.50000000000000  0.12573752959103
 0.51826101152883  0.12234648838382
 0.53649765733045  0.11882176781888
 0.55468560418894  0.11519229142210
 0.57280058386750  0.11145780904566
 0.59081842548972  0.10763364883662
 0.60871508779078  0.10374315240049
 0.62646669119584  0.09979318701354
 0.64404954968262  0.09580449588958
 0.66144020238572  0.09178873009997
 0.67861544490057  0.08775393324106
 0.69555236024508  0.08371793880038
 0.71222834943791  0.07969488726149
 0.72862116165232  0.07569346846182
 0.74470892390554  0.07172921885680
 0.76047017024397  0.06782137203633
 0.77588387038522  0.06398027935770
 0.79092945777898  0.06022002748603
 0.80558685704892  0.05655172520165
 0.81983651077945  0.05297617691895
 0.83365940561112  0.04950373898056
 0.84703709761032  0.04614978517789
 0.85995173687900  0.04292451330833
 0.87238609137189  0.03983407575545
 0.88432356988927  0.03688023184169
 0.89574824421463  0.03406686710915
 0.90664487036778  0.03140135837707
 0.91699890894494  0.02888866678561
 0.92679654451867  0.02653015815465
 0.93602470407190  0.02432598749031
 0.94467107444126  0.02227358326156
 0.95272411874657  0.02037032424482
 0.96017309178458  0.01861537322429
 0.96700805436627  0.01701039199665
 0.97321988657880  0.01555693733761
 0.97880029995420  0.01425603603672
 0.98374184852871  0.01310828239587
 0.98803793877796  0.01211394757058
 0.99168283841473  0.01127306068477
 0.99467168403756  0.01058549955096
 0.99700048761997  0.01005106110405
 0.99866614183178  0.00966952188995
 0.99966642418512  0.00944068636508
 1.00000000000000  0.00938276337149
</coords>