<reference>
Airfoil "Interp_060704" created on 26-Apr-2025 14:56:21 for blade project jamiesonsCaseTipDfl
</reference>
<coords>
 1.00000000000000  0.00000000000000
 1.00000000000000 -0.01175265958263
 0.99966642418512 -0.01201350228272
 0.99866614183178 -0.01174956331383
 0.99700048761997 -0.01131532713366
 0.99467168403756 -0.01071972711833
 0.99168283841473 -0.00997611419077
 0.98803793877796 -0.00910307114084
 0.98374184852871 -0.00812540618851
 0.97880029995420 -0.00707529028433
 0.97321988657880 -0.00599349846693
 0.96700805436627 -0.00493071311993
 0.96017309178458 -0.00394884621327
 0.95272411874657 -0.00311192827513
 0.94467107444126 -0.00244692012007
 0.93602470407190 -0.00195849733561
 0.92679654451867 -0.00166677050298
 0.91699890894494 -0.00162431598791
 0.90664487036778 -0.00186335532327
 0.89574824421463 -0.00236079842283
 0.88432356988927 -0.00312412830806
 0.87238609137189 -0.00423919348370
 0.85995173687900 -0.00575373142859
 0.84703709761032 -0.00767530673693
 0.83365940561112 -0.01003561702451
 0.81983651077945 -0.01285883767807
 0.80558685704892 -0.01614909918664
 0.79092945777898 -0.01990660306399
 0.77588387038522 -0.02412134380761
 0.76047017024397 -0.02879469706184
 0.74470892390554 -0.03393439078679
 0.72862116165232 -0.03950736438612
 0.71222834943791 -0.04547313803606
 0.69555236024508 -0.05178094734789
 0.67861544490057 -0.05837927698702
 0.66144020238572 -0.06521448779052
 0.64404954968262 -0.07221344448668
 0.62646669119584 -0.07930446701747
 0.60871508779078 -0.08641562317909
 0.59081842548972 -0.09347613808413
 0.57280058386750 -0.10042135983731
 0.55468560418894 -0.10720330372314
 0.53649765733045 -0.11375699042887
 0.51826101152883 -0.12002674199950
 0.50000000000000 -0.12597210765517
 0.48173898847117 -0.13154995078541
 0.46350234266955 -0.13673412279178
 0.44531439581106 -0.14149860985016
 0.42719941613250 -0.14582146224350
 0.40918157451028 -0.14967913849044
 0.39128491220922 -0.15305560990520
 0.37353330880416 -0.15593316115927
 0.35595045031738 -0.15804928324174
 0.33855979761428 -0.15944795016518
 0.32138455509943 -0.16062558106777
 0.30444763975492 -0.16171068148744
 0.28777165056209 -0.16284795683830
 0.27137883834768 -0.16304454766700
 0.25529107609446 -0.16196632780829
 0.23952982975603 -0.16064050754563
 0.22411612961478 -0.15904935503129
 0.20907054222102 -0.15698504132583
 0.19441314295108 -0.15448702106242
 0.18016348922055 -0.15156134553062
 0.16634059438888 -0.14823004677660
 0.15296290238968 -0.14451511073396
 0.14004826312100 -0.14043761684290
 0.12761390862811 -0.13600290379945
 0.11567643011073 -0.13122954848424
 0.10425175578537 -0.12613007830514
 0.09335512963222 -0.12073641284194
 0.08300109105506 -0.11505654626058
 0.07320345548133 -0.10910764241294
 0.06397529592810 -0.10289038352043
 0.05532892555874 -0.09642155016062
 0.04727588125343 -0.08971692112580
 0.03982690821542 -0.08282257580708
 0.03299194563373 -0.07576263838719
 0.02678011342120 -0.06853772926396
 0.02119970004580 -0.06116007650257
 0.01625815147129 -0.05363401995819
 0.01196206122204 -0.04606839780473
 0.00831716158527 -0.03857488612538
 0.00532831596244 -0.03089496493612
 0.00299951238003 -0.02279763409240
 0.00133385816822 -0.01406952545202
 0.00033357581488 -0.00620845597057
 0.00000000000000  0.00000000000000
 0.00033357581488  0.00599851645883
 0.00133385816822  0.01402999758736
 0.00299951238003  0.02330754358772
 0.00532831596244  0.03214772529861
 0.00831716158527  0.04016841966568
 0.01196206122204  0.04797058786100
 0.01625815147129  0.05584215394801
 0.02119970004580  0.06363750040341
 0.02678011342120  0.07131450057068
 0.03299194563373  0.07882415876273
 0.03982690821542  0.08615956802541
 0.04727588125343  0.09328431189276
 0.05532892555874  0.10015818054030
 0.06397529592810  0.10675299094625
 0.07320345548133  0.11303882029564
 0.08300109105506  0.11900836332314
 0.09335512963222  0.12463983131990
 0.10425175578537  0.12990753961599
 0.11567643011073  0.13482010349962
 0.12761390862811  0.13935591010374
 0.14004826312100  0.14347796725783
 0.15296290238968  0.14719851126248
 0.16634059438888  0.15050080062789
 0.18016348922055  0.15338319105707
 0.19441314295108  0.15584636106079
 0.20907054222102  0.15790074685183
 0.22411612961478  0.15954662449708
 0.23952982975603  0.16078750984458
 0.25529107609446  0.16174596490320
 0.27137883834768  0.16182300132257
 0.28777165056209  0.16114890172352
 0.30444763975492  0.16046903019992
 0.32138455509943  0.15971278892493
 0.33855979761428  0.15880219404991
 0.35595045031738  0.15768762187493
 0.37353330880416  0.15631093235493
 0.39128491220922  0.15464801831729
 0.40918157451028  0.15240671148538
 0.42719941613250  0.14975036387058
 0.44531439581106  0.14685107296814
 0.46350234266955  0.14372913979846
 0.48173898847117  0.14039768723167
 0.50000000000000  0.13687186465404
 0.51826101152883  0.13317737124227
 0.53649765733045  0.12933546305969
 0.55468560418894  0.12535571507638
 0.57280058386750  0.12126332122548
 0.59081842548972  0.11707260300397
 0.60871508779078  0.11280401076857
 0.62646669119584  0.10848709804152
 0.64404954968262  0.10412669951301
 0.66144020238572  0.09974365943697
 0.67861544490057  0.09535571040310
 0.69555236024508  0.09096753045204
 0.71222834943791  0.08660459127935
 0.72862116165232  0.08227933724389
 0.74470892390554  0.07800362635380
 0.76047017024397  0.07379434098839
 0.77588387038522  0.06966302960166
 0.79092945777898  0.06561825861800
 0.80558685704892  0.06167146088142
 0.81983651077945  0.05783342335696
 0.83365940561112  0.05411870388553
 0.84703709761032  0.05053864624791
 0.85995173687900  0.04709737889547
 0.87238609137189  0.04379576118929
 0.88432356988927  0.04064195209279
 0.89574824421463  0.03764664066694
 0.90664487036778  0.03481238759433
 0.91699890894494  0.03214238549532
 0.92679654451867  0.02964161461196
 0.93602470407190  0.02730755519677
 0.94467107444126  0.02513181522111
 0.95272411874657  0.02311138600695
 0.96017309178458  0.02124861087361
 0.96700805436627  0.01954543276216
 0.97321988657880  0.01800260796047
 0.97880029995420  0.01662061853936
 0.98374184852871  0.01539993091114
 0.98803793877796  0.01434098618449
 0.99168283841473  0.01344419224972
 0.99467168403756  0.01270991455398
 0.99700048761997  0.01213846675072
 0.99866614183178  0.01173010232978
 0.99966642418512  0.01148500751163
 1.00000000000000  0.01175265958263
</coords>