<reference>
Airfoil "Interp_100293" created on 26-Apr-2025 14:56:21 for blade project jamiesonsCaseTipDfl
</reference>
<coords>
 1.00000000000000  0.00000000000000
 1.00000000000000 -0.00294683493829
 0.99966642418512 -0.00240959229694
 0.99866614183178 -0.00226381405180
 0.99700048761997 -0.00202373553260
 0.99467168403756 -0.00169373482257
 0.99168283841473 -0.00128003518813
 0.98803793877796 -0.00079082692849
 0.98374184852871 -0.00023632672604
 0.97880029995420  0.00037100182112
 0.97321988657880  0.00101637172975
 0.96700805436627  0.00168245950242
 0.96017309178458  0.00234922910370
 0.95272411874657  0.00299377403257
 0.94467107444126  0.00359152223342
 0.93602470407190  0.00412579367717
 0.92679654451867  0.00458649687395
 0.91699890894494  0.00496080026885
 0.90664487036778  0.00520972566790
 0.89574824421463  0.00528173395923
 0.88432356988927  0.00513626170936
 0.87238609137189  0.00474461859576
 0.85995173687900  0.00408497111123
 0.84703709761032  0.00314176784980
 0.83365940561112  0.00187290724046
 0.81983651077945  0.00021590007728
 0.80558685704892 -0.00181387518133
 0.79092945777898 -0.00418156761833
 0.77588387038522 -0.00695236491378
 0.76047017024397 -0.01016901511655
 0.74470892390554 -0.01382075304868
 0.72862116165232 -0.01788572106028
 0.71222834943791 -0.02234258583433
 0.69555236024508 -0.02717451988177
 0.67861544490057 -0.03236175690901
 0.66144020238572 -0.03785866080533
 0.64404954968262 -0.04361017927339
 0.62646669119584 -0.04955047134341
 0.60871508779078 -0.05560560028823
 0.59081842548972 -0.06170926702963
 0.57280058386750 -0.06778449695740
 0.55468560418894 -0.07375370400084
 0.53649765733045 -0.07955348017698
 0.51826101152883 -0.08511301485085
 0.50000000000000 -0.09038633349481
 0.48173898847117 -0.09530424751887
 0.46350234266955 -0.09980471431461
 0.44531439581106 -0.10384447245091
 0.42719941613250 -0.10741887265479
 0.40918157451028 -0.11050121002796
 0.39128491220922 -0.11305895606193
 0.37353330880416 -0.11454964981013
 0.35595045031738 -0.11565628336305
 0.33855979761428 -0.11632232075373
 0.32138455509943 -0.11658556582724
 0.30444763975492 -0.11641792578423
 0.28777165056209 -0.11589396280609
 0.27137883834768 -0.11494694167368
 0.25529107609446 -0.11364626214976
 0.23952982975603 -0.11198843393618
 0.22411612961478 -0.10999332456964
 0.20907054222102 -0.10766229155176
 0.19441314295108 -0.10502694122983
 0.18016348922055 -0.10208471818088
 0.16634059438888 -0.09887086352008
 0.15296290238968 -0.09540272968380
 0.14004826312100 -0.09170159681486
 0.12761390862811 -0.08780975384586
 0.11567643011073 -0.08373393766095
 0.10425175578537 -0.07950749181606
 0.09335512963222 -0.07514543862975
 0.08300109105506 -0.07069068561506
 0.07320345548133 -0.06618010243405
 0.06397529592810 -0.06170111863679
 0.05532892555874 -0.05718262325242
 0.04727588125343 -0.05266015671032
 0.03982690821542 -0.04813716242749
 0.03299194563373 -0.04362999743420
 0.02678011342120 -0.03915205966665
 0.02119970004580 -0.03472022204048
 0.01625815147129 -0.03037939726158
 0.01196206122204 -0.02605346463710
 0.00831716158527 -0.02177395611337
 0.00532831596244 -0.01771657250552
 0.00299951238003 -0.01369798315034
 0.00133385816822 -0.00846351553682
 0.00033357581488 -0.00201348718732
 0.00000000000000  0.00000000000000
 0.00033357581488  0.00210451885671
 0.00133385816822  0.01004710784170
 0.00299951238003  0.01605281594108
 0.00532831596244  0.02125334124846
 0.00831716158527  0.02656697979129
 0.01196206122204  0.03186230943606
 0.01625815147129  0.03721678201365
 0.02119970004580  0.04261079694753
 0.02678011342120  0.04799050698882
 0.03299194563373  0.05333907738910
 0.03982690821542  0.05867666731287
 0.04727588125343  0.06396749186669
 0.05532892555874  0.06919364874986
 0.06397529592810  0.07434551504852
 0.07320345548133  0.07939723908707
 0.08300109105506  0.08432665231821
 0.09335512963222  0.08911166424204
 0.10425175578537  0.09374013588579
 0.11567643011073  0.09818008626415
 0.12761390862811  0.10241113919629
 0.14004826312100  0.10641150869238
 0.15296290238968  0.11022657301677
 0.16634059438888  0.11377039060435
 0.18016348922055  0.11705333010563
 0.19441314295108  0.12000778955233
 0.20907054222102  0.12262604090700
 0.22411612961478  0.12492249453765
 0.23952982975603  0.12684974523368
 0.25529107609446  0.12839927481909
 0.27137883834768  0.12958207811121
 0.28777165056209  0.13039870468700
 0.30444763975492  0.13083249599974
 0.32138455509943  0.13093493255363
 0.33855979761428  0.13069296883898
 0.35595045031738  0.13006368994585
 0.37353330880416  0.12885964493767
 0.39128491220922  0.12729781582795
 0.40918157451028  0.12542523757772
 0.42719941613250  0.12327522644839
 0.44531439581106  0.12084397174688
 0.46350234266955  0.11817900936808
 0.48173898847117  0.11527776989948
 0.50000000000000  0.11217195885473
 0.51826101152883  0.10890166429910
 0.53649765733045  0.10546547228807
 0.55468560418894  0.10189544777315
 0.57280058386750  0.09820395540665
 0.59081842548972  0.09441046213649
 0.60871508779078  0.09053978490472
 0.62646669119584  0.08659984795687
 0.64404954968262  0.08262606923873
 0.66144020238572  0.07864597023685
 0.67861544490057  0.07467140401829
 0.69555236024508  0.07072765827242
 0.71222834943791  0.06683139394166
 0.72862116165232  0.06298543453203
 0.74470892390554  0.05920778663640
 0.76047017024397  0.05552764176228
 0.77588387038522  0.05194708274965
 0.79092945777898  0.04847131318742
 0.80558685704892  0.04510962506582
 0.81983651077945  0.04187128261060
 0.83365940561112  0.03876091082454
 0.84703709761032  0.03577757883732
 0.85995173687900  0.03291919452800
 0.87238609137189  0.03019092796621
 0.88432356988927  0.02761131261518
 0.89574824421463  0.02517536948814
 0.90664487036778  0.02284239075198
 0.91699890894494  0.02059854259249
 0.92679654451867  0.01847952473757
 0.93602470407190  0.01651407853429
 0.94467107444126  0.01469947632683
 0.95272411874657  0.01302455326977
 0.96017309178458  0.01148318929320
 0.96700805436627  0.01007624333945
 0.97321988657880  0.00880504927209
 0.97880029995420  0.00767015296031
 0.98374184852871  0.00667149460380
 0.98803793877796  0.00580857831225
 0.99168283841473  0.00508063149344
 0.99467168403756  0.00448674163889
 0.99700048761997  0.00402598900143
 0.99866614183178  0.00369754379838
 0.99966642418512  0.00350075447544
 1.00000000000000  0.00294683493829
</coords>