<reference>
Airfoil "Interp_055425" created on 26-Apr-2025 14:56:21 for blade project jamiesonsCaseTipDfl
</reference>
<coords>
 1.00000000000000  0.00000000000000
 1.00000000000000 -0.01202469767655
 0.99966642418512 -0.01231728590532
 0.99866614183178 -0.01204819768431
 0.99700048761997 -0.01160673861092
 0.99467168403756 -0.01100364135579
 0.99168283841473 -0.01025429690535
 0.98803793877796 -0.00937911488344
 0.98374184852871 -0.00840396407899
 0.97880029995420 -0.00736067828024
 0.97321988657880 -0.00628762861835
 0.96700805436627 -0.00523031002628
 0.96017309178458 -0.00424097474430
 0.95272411874657 -0.00336607669390
 0.94467107444126 -0.00264320877963
 0.93602470407190 -0.00209823181431
 0.92679654451867 -0.00173038626890
 0.91699890894494 -0.00154750142498
 0.90664487036778 -0.00161760228429
 0.89574824421463 -0.00199994483091
 0.88432356988927 -0.00271354565905
 0.87238609137189 -0.00378566050112
 0.85995173687900 -0.00525158616477
 0.84703709761032 -0.00714250481554
 0.83365940561112 -0.00946138192450
 0.81983651077945 -0.01221571813188
 0.80558685704892 -0.01543000829988
 0.79092945777898 -0.01909807462064
 0.77588387038522 -0.02325588725242
 0.76047017024397 -0.02790569577739
 0.74470892390554 -0.03302787829144
 0.72862116165232 -0.03859289270423
 0.71222834943791 -0.04456359113298
 0.69555236024508 -0.05091368115603
 0.67861544490057 -0.05758703569835
 0.66144020238572 -0.06451220075793
 0.64404954968262 -0.07162755073166
 0.62646669119584 -0.07885356074881
 0.60871508779078 -0.08612067017764
 0.59081842548972 -0.09338372751533
 0.57280058386750 -0.10054467680883
 0.55468560418894 -0.10754500512322
 0.53649765733045 -0.11430748855355
 0.51826101152883 -0.12079182556400
 0.50000000000000 -0.12695183797305
 0.48173898847117 -0.13274508791227
 0.46350234266955 -0.13814111397395
 0.44531439581106 -0.14309828407974
 0.42719941613250 -0.14756481578166
 0.40918157451028 -0.15156114880133
 0.39128491220922 -0.15518116264315
 0.37353330880416 -0.15822459386512
 0.35595045031738 -0.16066812857470
 0.33855979761428 -0.16250666583796
 0.32138455509943 -0.16376251519534
 0.30444763975492 -0.16470130135512
 0.28777165056209 -0.16513038543270
 0.27137883834768 -0.16505513424019
 0.25529107609446 -0.16449761023395
 0.23952982975603 -0.16345497447722
 0.22411612961478 -0.16195346140431
 0.20907054222102 -0.15999235014658
 0.19441314295108 -0.15759666805375
 0.18016348922055 -0.15476904743294
 0.16634059438888 -0.15154622676002
 0.15296290238968 -0.14790486526814
 0.14004826312100 -0.14387867045731
 0.12761390862811 -0.13947068210807
 0.11567643011073 -0.13472008503275
 0.10425175578537 -0.12962247730275
 0.09335512963222 -0.12419606437640
 0.08300109105506 -0.11844253858212
 0.07320345548133 -0.11237649027883
 0.06397529592810 -0.10601673441170
 0.05532892555874 -0.09939300721073
 0.04727588125343 -0.09255590732752
 0.03982690821542 -0.08550079645163
 0.03299194563373 -0.07825033109385
 0.02678011342120 -0.07079722579495
 0.02119970004580 -0.06316593850700
 0.01625815147129 -0.05546041921422
 0.01196206122204 -0.04774233425970
 0.00831716158527 -0.03994631581024
 0.00532831596244 -0.03184661354125
 0.00299951238003 -0.02332718425609
 0.00133385816822 -0.01459903345965
 0.00033357581488 -0.00663084843396
 0.00000000000000  0.00000000000000
 0.00033357581488  0.00654456440889
 0.00133385816822  0.01463157717096
 0.00299951238003  0.02374579222693
 0.00532831596244  0.03322491254238
 0.00831716158527  0.04191238149697
 0.01196206122204  0.05001219523771
 0.01625815147129  0.05801957725578
 0.02119970004580  0.06600971684086
 0.02678011342120  0.07390656493689
 0.03299194563373  0.08164655942192
 0.03982690821542  0.08918011578242
 0.04727588125343  0.09650868471939
 0.05532892555874  0.10357780499219
 0.06397529592810  0.11038305913382
 0.07320345548133  0.11686961379838
 0.08300109105506  0.12301636012762
 0.09335512963222  0.12879834541479
 0.10425175578537  0.13420779427907
 0.11567643011073  0.13922068692998
 0.12761390862811  0.14380495175315
 0.14004826312100  0.14798131450396
 0.15296290238968  0.15172751421215
 0.16634059438888  0.15501659120682
 0.18016348922055  0.15784025196769
 0.19441314295108  0.16020528447180
 0.20907054222102  0.16209692232937
 0.22411612961478  0.16353285316679
 0.23952982975603  0.16453672490970
 0.25529107609446  0.16511727591464
 0.27137883834768  0.16527026346884
 0.28777165056209  0.16503766693573
 0.30444763975492  0.16440231632801
 0.32138455509943  0.16357760124166
 0.33855979761428  0.16235895989926
 0.35595045031738  0.16074244033374
 0.37353330880416  0.15874533820175
 0.39128491220922  0.15639996349752
 0.40918157451028  0.15373836657271
 0.42719941613250  0.15078859984177
 0.44531439581106  0.14758761549184
 0.46350234266955  0.14428631936861
 0.48173898847117  0.14077829459731
 0.50000000000000  0.13710772771294
 0.51826101152883  0.13329971954307
 0.53649765733045  0.12935684924795
 0.55468560418894  0.12531007511196
 0.57280058386750  0.12117776399895
 0.59081842548972  0.11697087727048
 0.60871508779078  0.11270306658733
 0.62646669119584  0.10840005513143
 0.64404954968262  0.10406269511267
 0.66144020238572  0.09972061934425
 0.67861544490057  0.09537181648299
 0.69555236024508  0.09104128039496
 0.71222834943791  0.08673872853139
 0.72862116165232  0.08246478510768
 0.74470892390554  0.07824654188887
 0.76047017024397  0.07409271559454
 0.77588387038522  0.07001535934426
 0.79092945777898  0.06602802792976
 0.80558685704892  0.06213903579667
 0.81983651077945  0.05835284637347
 0.83365940561112  0.05467637972662
 0.84703709761032  0.05112198795986
 0.85995173687900  0.04770402373399
 0.87238609137189  0.04443167238162
 0.88432356988927  0.04129923179228
 0.89574824421463  0.03830767245516
 0.90664487036778  0.03547134222772
 0.91699890894494  0.03279622305428
 0.92679654451867  0.03028553200408
 0.93602470407190  0.02794195734345
 0.94467107444126  0.02575704468027
 0.95272411874657  0.02371741082389
 0.96017309178458  0.02182303719198
 0.96700805436627  0.02008136814209
 0.97321988657880  0.01849728911154
 0.97880029995420  0.01707291822109
 0.98374184852871  0.01581017192761
 0.98803793877796  0.01471098760876
 0.99168283841473  0.01377723636748
 0.99467168403756  0.01301064411898
 0.99700048761997  0.01241272230996
 0.99866614183178  0.01198470948233
 0.99966642418512  0.01172752468914
 1.00000000000000  0.01202469767655
</coords>