<reference>
Airfoil "Interp_079179" created on 26-Apr-2025 14:56:21 for blade project jamiesonsCaseTipDfl
</reference>
<coords>
 1.00000000000000  0.00000000000000
 1.00000000000000 -0.00707919814880
 0.99966642418512 -0.00683877723991
 0.99866614183178 -0.00664376326639
 0.99700048761997 -0.00632293305633
 0.99467168403756 -0.00588271428856
 0.99168283841473 -0.00533236599662
 0.98803793877796 -0.00468423786466
 0.98374184852871 -0.00395411603437
 0.97880029995420 -0.00316153688342
 0.97321988657880 -0.00233024183450
 0.96700805436627 -0.00148865038142
 0.96017309178458 -0.00067024075835
 0.95272411874657  0.00008738228867
 0.94467107444126  0.00075855696446
 0.93602470407190  0.00133105220947
 0.92679654451867  0.00178785552230
 0.91699890894494  0.00207507097428
 0.90664487036778  0.00213244474960
 0.89574824421463  0.00196220676384
 0.88432356988927  0.00159059889808
 0.87238609137189  0.00097312594969
 0.85995173687900  0.00005667918698
 0.84703709761032 -0.00113783263128
 0.83365940561112 -0.00266123386932
 0.81983651077945 -0.00465751452720
 0.80558685704892 -0.00711155147925
 0.79092945777898 -0.00998705997774
 0.77588387038522 -0.01331024993677
 0.76047017024397 -0.01711587950785
 0.74470892390554 -0.02138914710392
 0.72862116165232 -0.02608855921972
 0.71222834943791 -0.03118487768262
 0.69555236024508 -0.03665418584241
 0.67861544490057 -0.04244759906831
 0.66144020238572 -0.04852691171458
 0.64404954968262 -0.05483027249537
 0.62646669119584 -0.06128154257171
 0.60871508779078 -0.06781524933058
 0.59081842548972 -0.07434913590940
 0.57280058386750 -0.08082110076132
 0.55468560418894 -0.08714414924917
 0.53649765733045 -0.09326100190070
 0.51826101152883 -0.09910664389535
 0.50000000000000 -0.10463669504738
 0.48173898847117 -0.10981778160852
 0.46350234266955 -0.11452957742781
 0.44531439581106 -0.11937230779281
 0.42719941613250 -0.12385185184291
 0.40918157451028 -0.12777845748857
 0.39128491220922 -0.13112944311543
 0.37353330880416 -0.13389738121965
 0.35595045031738 -0.13606345018297
 0.33855979761428 -0.13755780234878
 0.32138455509943 -0.13814195539311
 0.30444763975492 -0.13824187825127
 0.28777165056209 -0.13790609396811
 0.27137883834768 -0.13711048661101
 0.25529107609446 -0.13582780340128
 0.23952982975603 -0.13404757648357
 0.22411612961478 -0.13186779362711
 0.20907054222102 -0.12966171799898
 0.19441314295108 -0.12703903661541
 0.18016348922055 -0.12402233139698
 0.16634059438888 -0.12062367932782
 0.15296290238968 -0.11685784443968
 0.14004826312100 -0.11275742956559
 0.12761390862811 -0.10834824828564
 0.11567643011073 -0.10364210465938
 0.10425175578537 -0.09867859219887
 0.09335512963222 -0.09347824142224
 0.08300109105506 -0.08808818658277
 0.07320345548133 -0.08252582339095
 0.06397529592810 -0.07683113781291
 0.05532892555874 -0.07102789635788
 0.04727588125343 -0.06513825066361
 0.03982690821542 -0.05927276849524
 0.03299194563373 -0.05347346043037
 0.02678011342120 -0.04770905712184
 0.02119970004580 -0.04199533325173
 0.01625815147129 -0.03634562628066
 0.01196206122204 -0.03085756934804
 0.00831716158527 -0.02543876682838
 0.00532831596244 -0.02007205996030
 0.00299951238003 -0.01489318285215
 0.00133385816822 -0.01008837499744
 0.00033357581488 -0.00458125302626
 0.00000000000000  0.00000000000000
 0.00033357581488  0.00516999411902
 0.00133385816822  0.01152637122729
 0.00299951238003  0.01751828752436
 0.00532831596244  0.02341944056261
 0.00831716158527  0.02923184071274
 0.01196206122204  0.03515846904716
 0.01625815147129  0.04115906815759
 0.02119970004580  0.04713171496050
 0.02678011342120  0.05310167551207
 0.03299194563373  0.05928133488508
 0.03982690821542  0.06538311910508
 0.04727588125343  0.07134409700302
 0.05532892555874  0.07717218762517
 0.06397529592810  0.08285362515092
 0.07320345548133  0.08836624769582
 0.08300109105506  0.09368002347031
 0.09335512963222  0.09878732188621
 0.10425175578537  0.10364698376214
 0.11567643011073  0.10824691351015
 0.12761390862811  0.11255756150319
 0.14004826312100  0.11656945008347
 0.15296290238968  0.12024095222375
 0.16634059438888  0.12358066025366
 0.18016348922055  0.12655938726409
 0.19441314295108  0.12916425051143
 0.20907054222102  0.13138754312532
 0.22411612961478  0.13324145661857
 0.23952982975603  0.13497926923969
 0.25529107609446  0.13643369926061
 0.27137883834768  0.13738691473114
 0.28777165056209  0.13789082133460
 0.30444763975492  0.13796247111621
 0.32138455509943  0.13763919756706
 0.33855979761428  0.13694828050044
 0.35595045031738  0.13591165134372
 0.37353330880416  0.13457642123654
 0.39128491220922  0.13260090028439
 0.40918157451028  0.13031638706599
 0.42719941613250  0.12787179802095
 0.44531439581106  0.12547583583707
 0.46350234266955  0.12286815018781
 0.48173898847117  0.12005996508036
 0.50000000000000  0.11706692499062
 0.51826101152883  0.11391973981347
 0.53649765733045  0.11062182622923
 0.55468560418894  0.10719722464357
 0.57280058386750  0.10366978867888
 0.59081842548972  0.10004004821095
 0.60871508779078  0.09634122210048
 0.62646669119584  0.09258362313094
 0.64404954968262  0.08878769754477
 0.66144020238572  0.08495772959208
 0.67861544490057  0.08111923144761
 0.69555236024508  0.07728301734327
 0.71222834943791  0.07346049166564
 0.72862116165232  0.06966679051331
 0.74470892390554  0.06591542809052
 0.76047017024397  0.06222177552010
 0.77588387038522  0.05859693955219
 0.79092945777898  0.05504651246890
 0.80558685704892  0.05158129236567
 0.81983651077945  0.04821590767262
 0.83365940561112  0.04496051212521
 0.84703709761032  0.04181181112719
 0.85995173687900  0.03877792392987
 0.87238609137189  0.03587274767572
 0.88432356988927  0.03310432497810
 0.89574824421463  0.03046494813999
 0.90664487036778  0.02794360465285
 0.91699890894494  0.02558656845846
 0.92679654451867  0.02343917177563
 0.93602470407190  0.02145595142708
 0.94467107444126  0.01958009591661
 0.95272411874657  0.01780817534451
 0.96017309178458  0.01615911947206
 0.96700805436627  0.01464412063780
 0.97321988657880  0.01326493873933
 0.97880029995420  0.01202269443006
 0.98374184852871  0.01091911321175
 0.98803793877796  0.00995630077839
 0.99168283841473  0.00913654344077
 0.99467168403756  0.00846211142306
 0.99700048761997  0.00793510321976
 0.99866614183178  0.00755729873430
 0.99966642418512  0.00733005156684
 1.00000000000000  0.00707919814880
</coords>