<reference>
Airfoil "Interp_005278" created on 26-Apr-2025 14:56:21 for blade project jamiesonsCaseTipDfl
</reference>
<coords>
 1.00000000000000  0.00000000000000
 0.99966642418512 -0.01543255927454
 0.99866614183178 -0.03652072584843
 0.99700048761997 -0.05505904146649
 0.99467168403756 -0.07278363393574
 0.99168283841473 -0.09065501741944
 0.98803793877796 -0.10862465774891
 0.98374184852871 -0.12642974438535
 0.97880029995420 -0.14398859964610
 0.97321988657880 -0.16135483368056
 0.96700805436627 -0.17854197148465
 0.96017309178458 -0.19549112810161
 0.95272411874657 -0.21215598137639
 0.94467107444126 -0.22853837572386
 0.93602470407190 -0.24463029313154
 0.92679654451867 -0.26039616584182
 0.91699890894494 -0.27580740747335
 0.90664487036778 -0.29085387400344
 0.89574824421463 -0.30551830369192
 0.88432356988927 -0.31976994003810
 0.87238609137189 -0.33358501876537
 0.85995173687900 -0.34695822132109
 0.84703709761032 -0.35987428746224
 0.83365940561112 -0.37231217780669
 0.81983651077945 -0.38425714257742
 0.80558685704892 -0.39568288946724
 0.79092945777898 -0.40657373269222
 0.77588387038522 -0.41692563580085
 0.76047017024397 -0.42672706744228
 0.74470892390554 -0.43595377039725
 0.72862116165232 -0.44459880593165
 0.71222834943791 -0.45265893787549
 0.69555236024508 -0.46010626176594
 0.67861544490057 -0.46693608852687
 0.66144020238572 -0.47316367863097
 0.64404954968262 -0.47873694101105
 0.62646669119584 -0.48366404421745
 0.60871508779078 -0.48797935417325
 0.59081842548972 -0.49161426904780
 0.57280058386750 -0.49460573071015
 0.55468560418894 -0.49697482162811
 0.53649765733045 -0.49858917585424
 0.51826101152883 -0.49955094342881
 0.50000000000000 -0.49991077254834
 0.48173898847117 -0.49955276857996
 0.46350234266955 -0.49859151614455
 0.44531439581106 -0.49696910106517
 0.42719941613250 -0.49460563533462
 0.40918157451028 -0.49162342233547
 0.39128491220922 -0.48796851994654
 0.37353330880416 -0.48367615945553
 0.35595045031738 -0.47873239430515
 0.33855979761428 -0.47315875493386
 0.32138455509943 -0.46693898065194
 0.30444763975492 -0.46010840142563
 0.28777165056209 -0.45265077058508
 0.27137883834768 -0.44460315211706
 0.25529107609446 -0.43595417101524
 0.23952982975603 -0.42672344383543
 0.22411612961478 -0.41692650502924
 0.20907054222102 -0.40657406109046
 0.19441314295108 -0.39568254966242
 0.18016348922055 -0.38425549176315
 0.16634059438888 -0.37231311678862
 0.15296290238968 -0.35987422762002
 0.14004826312100 -0.34695877526894
 0.12761390862811 -0.33358499818695
 0.11567643011073 -0.31976841736358
 0.10425175578537 -0.30551933987047
 0.09335512963222 -0.29085479846769
 0.08300109105506 -0.27580873007361
 0.07320345548133 -0.26038647148495
 0.06397529592810 -0.24463934137829
 0.05532892555874 -0.22854351070146
 0.04727588125343 -0.21214968607328
 0.03982690821542 -0.19548804396647
 0.03299194563373 -0.17853406355440
 0.02678011342120 -0.16139736632427
 0.02119970004580 -0.14396068383957
 0.01625815147129 -0.12640884230670
 0.01196206122204 -0.10864644691766
 0.00831716158527 -0.09066997133842
 0.00532831596244 -0.07290387605521
 0.00299951238003 -0.05451710684192
 0.00133385816822 -0.03705816016969
 0.00033357581488 -0.01627530616079
 0.00000000000000  0.00000000000000
 0.00033357581488  0.01644737317385
 0.00133385816822  0.03719980470874
 0.00299951238003  0.05467608232590
 0.00532831596244  0.07306081217104
 0.00831716158527  0.09082387806643
 0.01196206122204  0.10880278133312
 0.01625815147129  0.12656213170644
 0.02119970004580  0.14411673748478
 0.02678011342120  0.16155165919739
 0.03299194563373  0.17868923315864
 0.03982690821542  0.19564364376218
 0.04727588125343  0.21230476780553
 0.05532892555874  0.22869864351894
 0.06397529592810  0.24479517604587
 0.07320345548133  0.26054126318390
 0.08300109105506  0.27596429731028
 0.09335512963222  0.29101041993092
 0.10425175578537  0.30567432538683
 0.11567643011073  0.31992262342435
 0.12761390862811  0.33374004963381
 0.14004826312100  0.34711407619597
 0.15296290238968  0.36002892050298
 0.16634059438888  0.37246815157130
 0.18016348922055  0.38441103312996
 0.19441314295108  0.39583669528436
 0.20907054222102  0.40673063331918
 0.22411612961478  0.41708236913567
 0.23952982975603  0.42687722243874
 0.25529107609446  0.43611366121897
 0.27137883834768  0.44475461781992
 0.28777165056209  0.45281177735596
 0.30444763975492  0.46026029501552
 0.32138455509943  0.46709996523684
 0.33855979761428  0.47331116796977
 0.35595045031738  0.47889367830632
 0.37353330880416  0.48382267454793
 0.39128491220922  0.48813353566087
 0.40918157451028  0.49175483756884
 0.42719941613250  0.49478790148918
 0.44531439581106  0.49707997812187
 0.46350234266955  0.49880307851976
 0.48173898847117  0.49968211193587
 0.50000000000000  0.50008841936937
 0.51826101152883  0.49968509987557
 0.53649765733045  0.49880194148950
 0.55468560418894  0.49707965579015
 0.57280058386750  0.49478321317714
 0.59081842548972  0.49176634105787
 0.60871508779078  0.48811883825462
 0.62646669119584  0.48383990871719
 0.64404954968262  0.47888509739408
 0.66144020238572  0.47330908086752
 0.67861544490057  0.46710442592277
 0.69555236024508  0.46025815931301
 0.71222834943791  0.45280762256212
 0.72862116165232  0.44476045985328
 0.74470892390554  0.43610799852105
 0.76047017024397  0.42687746021638
 0.77588387038522  0.41708382790158
 0.79092945777898  0.40672941969091
 0.80558685704892  0.39583524790783
 0.81983651077945  0.38441235412851
 0.83365940561112  0.37246839054480
 0.84703709761032  0.36002838435987
 0.85995173687900  0.34711418501873
 0.87238609137189  0.33373909833949
 0.88432356988927  0.31992387838973
 0.89574824421463  0.30567569647044
 0.90664487036778  0.29101054549255
 0.91699890894494  0.27595791173837
 0.92679654451867  0.26054952026946
 0.93602470407190  0.24479278270315
 0.94467107444126  0.22869350478705
 0.95272411874657  0.21229852285457
 0.96017309178458  0.19564661146908
 0.96700805436627  0.17870998053169
 0.97321988657880  0.16150861647930
 0.97880029995420  0.14412715043597
 0.98374184852871  0.12658705591861
 0.98803793877796  0.10880273079428
 0.99168283841473  0.09081790470833
 0.99467168403756  0.07290009023038
 0.99700048761997  0.05519735912313
 0.99866614183178  0.03677215120405
 0.99966642418512  0.01554352439113
</coords>