<reference>
Airfoil "Interp_131965" created on 26-Apr-2025 14:56:21 for blade project jamiesonsCaseTipDfl
</reference>
<coords>
 1.00000000000000  0.00000000000000
 1.00000000000000 -0.00073590039860
 0.99966642418512 -0.00041563881728
 0.99866614183178 -0.00030553420286
 0.99700048761997 -0.00012432833321
 0.99467168403756  0.00012450358483
 0.99168283841473  0.00043604891565
 0.98803793877796  0.00080391133128
 0.98374184852871  0.00122016853697
 0.97880029995420  0.00167529763525
 0.97321988657880  0.00215810457345
 0.96700805436627  0.00265565350037
 0.96017309178458  0.00315318314713
 0.95272411874657  0.00363403721589
 0.94467107444126  0.00408091460642
 0.93602470407190  0.00448287505676
 0.92679654451867  0.00483369657979
 0.91699890894494  0.00511848312851
 0.90664487036778  0.00528628984327
 0.89574824421463  0.00527298897431
 0.88432356988927  0.00504812381200
 0.87238609137189  0.00460385090543
 0.85995173687900  0.00392503074755
 0.84703709761032  0.00299053801993
 0.83365940561112  0.00178329057875
 0.81983651077945  0.00028879968142
 0.80558685704892 -0.00150970785280
 0.79092945777898 -0.00363222077364
 0.77588387038522 -0.00610129646517
 0.76047017024397 -0.00890540888296
 0.74470892390554 -0.01202723841661
 0.72862116165232 -0.01548227877565
 0.71222834943791 -0.01926497031238
 0.69555236024508 -0.02336689961920
 0.67861544490057 -0.02778074725333
 0.66144020238572 -0.03247756487389
 0.64404954968262 -0.03742121222090
 0.62646669119584 -0.04257181819523
 0.60871508779078 -0.04788300536104
 0.59081842548972 -0.05329934037337
 0.57280058386750 -0.05874900519978
 0.55468560418894 -0.06415363630618
 0.53649765733045 -0.06946707751307
 0.51826101152883 -0.07463675171535
 0.50000000000000 -0.07959894442705
 0.48173898847117 -0.08424638364745
 0.46350234266955 -0.08849357894278
 0.44531439581106 -0.09229490967842
 0.42719941613250 -0.09561946511375
 0.40918157451028 -0.09845008402066
 0.39128491220922 -0.10079948026535
 0.37353330880416 -0.10268373338876
 0.35595045031738 -0.10408003699039
 0.33855979761428 -0.10502043890822
 0.32138455509943 -0.10549869916203
 0.30444763975492 -0.10548947665622
 0.28777165056209 -0.10514373479526
 0.27137883834768 -0.10434236569530
 0.25529107609446 -0.10318926267326
 0.23952982975603 -0.10169013754525
 0.22411612961478 -0.09985088937012
 0.20907054222102 -0.09771757323481
 0.19441314295108 -0.09529450219575
 0.18016348922055 -0.09258327794734
 0.16634059438888 -0.08963588996606
 0.15296290238968 -0.08645804953844
 0.14004826312100 -0.08308982930461
 0.12761390862811 -0.07955919842382
 0.11567643011073 -0.07587683383096
 0.10425175578537 -0.07205326663492
 0.09335512963222 -0.06812079737176
 0.08300109105506 -0.06410132109352
 0.07320345548133 -0.06001187769704
 0.06397529592810 -0.05588273990804
 0.05532892555874 -0.05173787796294
 0.04727588125343 -0.04756998862585
 0.03982690821542 -0.04340076932624
 0.03299194563373 -0.03924927575515
 0.02678011342120 -0.03513536576622
 0.02119970004580 -0.03108347200168
 0.01625815147129 -0.02708465157120
 0.01196206122204 -0.02321659121767
 0.00831716158527 -0.01937382810516
 0.00532831596244 -0.01586093057391
 0.00299951238003 -0.01187116334670
 0.00133385816822 -0.00632452136435
 0.00033357581488 -0.00152308534855
 0.00000000000000  0.00000000000000
 0.00033357581488  0.00155939725184
 0.00133385816822  0.00723025940900
 0.00299951238003  0.01345275935795
 0.00532831596244  0.01830716139414
 0.00831716158527  0.02315959929653
 0.01196206122204  0.02823262612826
 0.01625815147129  0.03342487631436
 0.02119970004580  0.03868719551028
 0.02678011342120  0.04400084614519
 0.03299194563373  0.04936421978102
 0.03982690821542  0.05475066720454
 0.04727588125343  0.06012917370306
 0.05532892555874  0.06547051114786
 0.06397529592810  0.07077829145440
 0.07320345548133  0.07601884779946
 0.08300109105506  0.08115975544102
 0.09335512963222  0.08617597539318
 0.10425175578537  0.09105289859100
 0.11567643011073  0.09578974534330
 0.12761390862811  0.10032551161114
 0.14004826312100  0.10462288397271
 0.15296290238968  0.10872314333794
 0.16634059438888  0.11254665532608
 0.18016348922055  0.11610490964454
 0.19441314295108  0.11935852928898
 0.20907054222102  0.12225153250179
 0.22411612961478  0.12483996954722
 0.23952982975603  0.12706354888557
 0.25529107609446  0.12880089603483
 0.27137883834768  0.13010730338918
 0.28777165056209  0.13105673583028
 0.30444763975492  0.13149665171882
 0.32138455509943  0.13149628031065
 0.33855979761428  0.13105383983045
 0.35595045031738  0.13013582670431
 0.37353330880416  0.12887015190944
 0.39128491220922  0.12719740178588
 0.40918157451028  0.12515734870541
 0.42719941613250  0.12288088958166
 0.44531439581106  0.12021352573681
 0.46350234266955  0.11733168970328
 0.48173898847117  0.11412609830996
 0.50000000000000  0.11073164887597
 0.51826101152883  0.10721618171126
 0.53649765733045  0.10347500421498
 0.55468560418894  0.09960124447516
 0.57280058386750  0.09561992124602
 0.59081842548972  0.09153003653392
 0.60871508779078  0.08735815359402
 0.62646669119584  0.08311436469194
 0.64404954968262  0.07884867860093
 0.66144020238572  0.07461134481731
 0.67861544490057  0.07040010424058
 0.69555236024508  0.06622211604930
 0.71222834943791  0.06213428208719
 0.72862116165232  0.05812784511319
 0.74470892390554  0.05420313983024
 0.76047017024397  0.05040985189029
 0.77588387038522  0.04674703679916
 0.79092945777898  0.04321751562768
 0.80558685704892  0.03983332735608
 0.81983651077945  0.03660379975276
 0.83365940561112  0.03352590940750
 0.84703709761032  0.03058993826062
 0.85995173687900  0.02779755438022
 0.87238609137189  0.02515298381635
 0.88432356988927  0.02265915743223
 0.89574824421463  0.02031633416258
 0.90664487036778  0.01812111384137
 0.91699890894494  0.01607163208877
 0.92679654451867  0.01417042270021
 0.93602470407190  0.01241790413768
 0.94467107444126  0.01080584641255
 0.95272411874657  0.00932459029678
 0.96017309178458  0.00796828046955
 0.96700805436627  0.00673652238467
 0.97321988657880  0.00562916755532
 0.97880029995420  0.00464532203635
 0.98374184852871  0.00378355478666
 0.98803793877796  0.00304209361046
 0.99168283841473  0.00241900640813
 0.99467168403756  0.00191236394867
 0.99700048761997  0.00152039132987
 0.99866614183178  0.00124157292972
 0.99966642418512  0.00107476083936
 1.00000000000000  0.00073590039860
</coords>