<reference>
Airfoil "Interp_031671" created on 26-Apr-2025 14:56:21 for blade project jamiesonsCaseTipDfl
</reference>
<coords>
 1.00000000000000  0.00000000000000
 1.00000000000000 -0.00064253333894
 0.99966642418512 -0.00014343240978
 0.99866614183178 -0.00102933832029
 0.99700048761997 -0.00237930713060
 0.99467168403756 -0.00403504070402
 0.99168283841473 -0.00582282604337
 0.98803793877796 -0.00758202555294
 0.98374184852871 -0.00918764018083
 0.97880029995420 -0.01056334200955
 0.97321988657880 -0.01169316798016
 0.96700805436627 -0.01263185032981
 0.96017309178458 -0.01352149668264
 0.95272411874657 -0.01462064009940
 0.94467107444126 -0.01625123980552
 0.93602470407190 -0.01845103082564
 0.92679654451867 -0.02110138714133
 0.91699890894494 -0.02404182093751
 0.90664487036778 -0.02731823439865
 0.89574824421463 -0.03107768574783
 0.88432356988927 -0.03540471354971
 0.87238609137189 -0.04025129168659
 0.85995173687900 -0.04557024941247
 0.84703709761032 -0.05138804081069
 0.83365940561112 -0.05769908342170
 0.81983651077945 -0.06439799138646
 0.80558685704892 -0.07147223311355
 0.79092945777898 -0.07904830523957
 0.77588387038522 -0.08702964669666
 0.76047017024397 -0.09524643999328
 0.74470892390554 -0.10372722497149
 0.72862116165232 -0.11244978416237
 0.71222834943791 -0.12130276055389
 0.69555236024508 -0.13013778170029
 0.67861544490057 -0.13894757045663
 0.66144020238572 -0.14769327889090
 0.64404954968262 -0.15626016011456
 0.62646669119584 -0.16457691467272
 0.60871508779078 -0.17260929367560
 0.59081842548972 -0.18031871263141
 0.57280058386750 -0.18769022778536
 0.55468560418894 -0.19470308780200
 0.53649765733045 -0.20124320880821
 0.51826101152883 -0.20719576212790
 0.50000000000000 -0.21269936488398
 0.48173898847117 -0.21756418285896
 0.46350234266955 -0.22195193702743
 0.44531439581106 -0.22584456474965
 0.42719941613250 -0.22903861705608
 0.40918157451028 -0.23172726855870
 0.39128491220922 -0.23391398925943
 0.37353330880416 -0.23553743689786
 0.35595045031738 -0.23650039405570
 0.33855979761428 -0.23709514049486
 0.32138455509943 -0.23699478414851
 0.30444763975492 -0.23640572144069
 0.28777165056209 -0.23533656470426
 0.27137883834768 -0.23381588615339
 0.25529107609446 -0.23167524481703
 0.23952982975603 -0.22904341330731
 0.22411612961478 -0.22600639522720
 0.20907054222102 -0.22247582158971
 0.19441314295108 -0.21845165647954
 0.18016348922055 -0.21398536747989
 0.16634059438888 -0.20897824085161
 0.15296290238968 -0.20352976436700
 0.14004826312100 -0.19729859760753
 0.12761390862811 -0.19141171928655
 0.11567643011073 -0.18520488978951
 0.10425175578537 -0.17867133691658
 0.09335512963222 -0.17172572494658
 0.08300109105506 -0.16436958270839
 0.07320345548133 -0.15665390603470
 0.06397529592810 -0.14848838316832
 0.05532892555874 -0.14005828843508
 0.04727588125343 -0.13133265256078
 0.03982690821542 -0.12217449958586
 0.03299194563373 -0.11277236228752
 0.02678011342120 -0.10278027229291
 0.02119970004580 -0.09242738101736
 0.01625815147129 -0.08192635298866
 0.01196206122204 -0.07132013062266
 0.00831716158527 -0.06032711715400
 0.00532831596244 -0.04850498398170
 0.00299951238003 -0.03562019039463
 0.00133385816822 -0.02212307627079
 0.00033357581488 -0.00930624131857
 0.00000000000000  0.00000000000000
 0.00033357581488  0.00618421136157
 0.00133385816822  0.01885442104769
 0.00299951238003  0.03280081624311
 0.00532831596244  0.04719698170619
 0.00831716158527  0.05975127658881
 0.01196206122204  0.07102632252052
 0.01625815147129  0.08201274443010
 0.02119970004580  0.09282921195647
 0.02678011342120  0.10368471834469
 0.03299194563373  0.11399665665956
 0.03982690821542  0.12397981301268
 0.04727588125343  0.13369609919080
 0.05532892555874  0.14293414183115
 0.06397529592810  0.15189065316803
 0.07320345548133  0.16044421586680
 0.08300109105506  0.16853779555805
 0.09335512963222  0.17611861594106
 0.10425175578537  0.18335476205272
 0.11567643011073  0.19003036996662
 0.12761390862811  0.19668628120229
 0.14004826312100  0.20321752447193
 0.15296290238968  0.20906397521548
 0.16634059438888  0.21439172016746
 0.18016348922055  0.21920270239641
 0.19441314295108  0.22345455155510
 0.20907054222102  0.22713816775356
 0.22411612961478  0.23032253576855
 0.23952982975603  0.23303132799602
 0.25529107609446  0.23523697500668
 0.27137883834768  0.23696861550510
 0.28777165056209  0.23818107499477
 0.30444763975492  0.23897530441557
 0.32138455509943  0.23920673778182
 0.33855979761428  0.23891367676741
 0.35595045031738  0.23836814564036
 0.37353330880416  0.23716873258274
 0.39128491220922  0.23559356956621
 0.40918157451028  0.23365845000405
 0.42719941613250  0.23125984055393
 0.44531439581106  0.22844685379332
 0.46350234266955  0.22524391300516
 0.48173898847117  0.22164687139702
 0.50000000000000  0.21761437335553
 0.51826101152883  0.21326815974292
 0.53649765733045  0.20852443378714
 0.55468560418894  0.20353817430830
 0.57280058386750  0.19830749807997
 0.59081842548972  0.19282417710441
 0.60871508779078  0.18716863926385
 0.62646669119584  0.18135135897737
 0.64404954968262  0.17525848512481
 0.66144020238572  0.16908178547509
 0.67861544490057  0.16278691052062
 0.69555236024508  0.15627821843030
 0.71222834943791  0.14974661002837
 0.72862116165232  0.14318786917767
 0.74470892390554  0.13658607141592
 0.76047017024397  0.12996294132189
 0.77588387038522  0.12329191368748
 0.79092945777898  0.11662004485266
 0.80558685704892  0.11004165843343
 0.81983651077945  0.10357051716130
 0.83365940561112  0.09717751502673
 0.84703709761032  0.09081161331781
 0.85995173687900  0.08453433233992
 0.87238609137189  0.07846439953869
 0.88432356988927  0.07259868072409
 0.89574824421463  0.06689616461102
 0.90664487036778  0.06140025543074
 0.91699890894494  0.05617701982058
 0.92679654451867  0.05119849075428
 0.93602470407190  0.04638324846639
 0.94467107444126  0.04172434978600
 0.95272411874657  0.03737611113583
 0.96017309178458  0.03346875170990
 0.96700805436627  0.02999440198022
 0.97321988657880  0.02672550445272
 0.97880029995420  0.02349257275302
 0.98374184852871  0.02020368595337
 0.98803793877796  0.01682636185244
 0.99168283841473  0.01338417872589
 0.99467168403756  0.00996793146020
 0.99700048761997  0.00675230775638
 0.99866614183178  0.00401678428789
 0.99966642418512  0.00213075390212
 1.00000000000000  0.00064253333894
</coords>