<reference>
Airfoil "Interp_042228" created on 26-Apr-2025 14:56:21 for blade project jamiesonsCaseTipDfl
</reference>
<coords>
 1.00000000000000  0.00000000000000
 1.00000000000000 -0.00748934680799
 0.99966642418512 -0.00142217480077
 0.99866614183178 -0.00148751710368
 0.99700048761997 -0.00159545624157
 0.99467168403756 -0.00174466552146
 0.99168283841473 -0.00193347431822
 0.98803793877796 -0.00216009219781
 0.98374184852871 -0.00242284532489
 0.97880029995420 -0.00272047510833
 0.97321988657880 -0.00305248128066
 0.96700805436627 -0.00341948780038
 0.96017309178458 -0.00382364481940
 0.95272411874657 -0.00426904808180
 0.94467107444126 -0.00476164646770
 0.93602470407190 -0.00528960863172
 0.92679654451867 -0.00580751991196
 0.91699890894494 -0.00625669860228
 0.90664487036778 -0.00669720171089
 0.89574824421463 -0.00735298399205
 0.88432356988927 -0.00845306846485
 0.87238609137189 -0.01002276907012
 0.85995173687900 -0.01203294414016
 0.84703709761032 -0.01451013770602
 0.83365940561112 -0.01749885803184
 0.81983651077945 -0.02099529192607
 0.80558685704892 -0.02497758008979
 0.79092945777898 -0.02944999194792
 0.77588387038522 -0.03441794009715
 0.76047017024397 -0.03988061740724
 0.74470892390554 -0.04584028160382
 0.72862116165232 -0.05227925785632
 0.71222834943791 -0.05913653845893
 0.69555236024508 -0.06636318831919
 0.67861544490057 -0.07389674230104
 0.66144020238572 -0.08165416397027
 0.64404954968262 -0.08956462838059
 0.62646669119584 -0.09755106023673
 0.60871508779078 -0.10553644659877
 0.59081842548972 -0.11344539075710
 0.57280058386750 -0.12121355435775
 0.55468560418894 -0.12879138907140
 0.53649765733045 -0.13611394063365
 0.51826101152883 -0.14313309219029
 0.50000000000000 -0.14981250805055
 0.48173898847117 -0.15611311360970
 0.46350234266955 -0.16199504940020
 0.44531439581106 -0.16741861789273
 0.42719941613250 -0.17232056351804
 0.40918157451028 -0.17666206009547
 0.39128491220922 -0.18044543669335
 0.37353330880416 -0.18367379511551
 0.35595045031738 -0.18634949044825
 0.33855979761428 -0.18847339008051
 0.32138455509943 -0.19004427696418
 0.30444763975492 -0.19107515844030
 0.28777165056209 -0.19155041958783
 0.27137883834768 -0.19152535385596
 0.25529107609446 -0.19093801657517
 0.23952982975603 -0.18982780186525
 0.22411612961478 -0.18820993528923
 0.20907054222102 -0.18609659983714
 0.19441314295108 -0.18351099420767
 0.18016348922055 -0.18046393933237
 0.16634059438888 -0.17697430114317
 0.15296290238968 -0.17306831133444
 0.14004826312100 -0.16875208256169
 0.12761390862811 -0.16402977898958
 0.11567643011073 -0.15891342798577
 0.10425175578537 -0.15343458406250
 0.09335512963222 -0.14758667393531
 0.08300109105506 -0.14136609415530
 0.07320345548133 -0.13477123900665
 0.06397529592810 -0.12780714849656
 0.05532892555874 -0.12048225439534
 0.04727588125343 -0.11283115001974
 0.03982690821542 -0.10489199277295
 0.03299194563373 -0.09668271727377
 0.02678011342120 -0.08816222905683
 0.02119970004580 -0.07929359048508
 0.01625815147129 -0.07007515628184
 0.01196206122204 -0.06076330996676
 0.00831716158527 -0.05148567723591
 0.00532831596244 -0.04175112021801
 0.00299951238003 -0.03042219438913
 0.00133385816822 -0.01841182175502
 0.00033357581488 -0.00614954896891
 0.00000000000000  0.00000000000000
 0.00033357581488  0.00534925608246
 0.00133385816822  0.01677756204787
 0.00299951238003  0.02952119008385
 0.00532831596244  0.04270320909358
 0.00831716158527  0.05316805618485
 0.01196206122204  0.06286392048944
 0.01625815147129  0.07263675215292
 0.02119970004580  0.08234881014298
 0.02678011342120  0.09175961164147
 0.03299194563373  0.10088923224959
 0.03982690821542  0.10971406731072
 0.04727588125343  0.11823570548337
 0.05532892555874  0.12639351578290
 0.06397529592810  0.13417584646297
 0.07320345548133  0.14152691580744
 0.08300109105506  0.14845446348810
 0.09335512963222  0.15495683176722
 0.10425175578537  0.16098463164661
 0.11567643011073  0.16655319114844
 0.12761390862811  0.17166445178069
 0.14004826312100  0.17630304378300
 0.15296290238968  0.18046087527108
 0.16634059438888  0.18409576900816
 0.18016348922055  0.18720966828802
 0.19441314295108  0.18979777485172
 0.20907054222102  0.19185683425658
 0.22411612961478  0.19340467959753
 0.23952982975603  0.19446311884753
 0.25529107609446  0.19502478043146
 0.27137883834768  0.19514645065311
 0.28777165056209  0.19480071798505
 0.30444763975492  0.19401182265297
 0.32138455509943  0.19279798144540
 0.33855979761428  0.19116390468952
 0.35595045031738  0.18913850352553
 0.37353330880416  0.18674566394752
 0.39128491220922  0.18399226096453
 0.40918157451028  0.18089994903865
 0.42719941613250  0.17749457519108
 0.44531439581106  0.17380242989596
 0.46350234266955  0.16984738657871
 0.48173898847117  0.16565125848733
 0.50000000000000  0.16124477065702
 0.51826101152883  0.15665725082638
 0.53649765733045  0.15191101633767
 0.55468560418894  0.14704113710226
 0.57280058386750  0.14205872860181
 0.59081842548972  0.13699180889782
 0.60871508779078  0.13186566131776
 0.62646669119584  0.12669462893096
 0.64404954968262  0.12150010650180
 0.66144020238572  0.11631428530674
 0.67861544490057  0.11114447734400
 0.69555236024508  0.10600510945376
 0.71222834943791  0.10091400345219
 0.72862116165232  0.09588536401028
 0.74470892390554  0.09093701420789
 0.76047017024397  0.08608178666529
 0.77588387038522  0.08132848683569
 0.79092945777898  0.07668832363349
 0.80558685704892  0.07217227854650
 0.81983651077945  0.06778977617096
 0.83365940561112  0.06354796106274
 0.84703709761032  0.05945699974690
 0.85995173687900  0.05552913614999
 0.87238609137189  0.05176612336693
 0.88432356988927  0.04816500224444
 0.89574824421463  0.04473873705604
 0.90664487036778  0.04150500580192
 0.91699890894494  0.03845446983626
 0.92679654451867  0.03556268265846
 0.93602470407190  0.03282008097326
 0.94467107444126  0.03023763096665
 0.95272411874657  0.02782685829346
 0.96017309178458  0.02559467720379
 0.96700805436627  0.02354383955947
 0.97321988657880  0.02167695680464
 0.97880029995420  0.01999678832822
 0.98374184852871  0.01850613404267
 0.98803793877796  0.01720773229070
 0.99168283841473  0.01610416530283
 0.99467168403756  0.01519777319414
 0.99700048761997  0.01449057854520
 0.99866614183178  0.01398422175722
 0.99966642418512  0.01367991333524
 1.00000000000000  0.00748934680799
</coords>