<reference>
Airfoil "Interp_034310" created on 26-Apr-2025 14:56:21 for blade project jamiesonsCaseTipDfl
</reference>
<coords>
 1.00000000000000  0.00000000000000
 1.00000000000000 -0.00320194213985
 0.99966642418512 -0.00040640566963
 0.99866614183178 -0.00099166493301
 0.99700048761997 -0.00189770027387
 0.99467168403756 -0.00303138127549
 0.99168283841473 -0.00428263148843
 0.98803793877796 -0.00554050218961
 0.98374184852871 -0.00670880719877
 0.97880029995420 -0.00772265981500
 0.97321988657880 -0.00856300673398
 0.96700805436627 -0.00927258749532
 0.96017309178458 -0.00997421848101
 0.95272411874657 -0.01089570779481
 0.94467107444126 -0.01236380777694
 0.93602470407190 -0.01443478209753
 0.92679654451867 -0.01687642920076
 0.91699890894494 -0.01936203838405
 0.90664487036778 -0.02192353732463
 0.89574824421463 -0.02488950420604
 0.88432356988927 -0.02852661699480
 0.87238609137189 -0.03277819109952
 0.85995173687900 -0.03753996962216
 0.84703709761032 -0.04283597416625
 0.83365940561112 -0.04869456351185
 0.81983651077945 -0.05503388844216
 0.80558685704892 -0.06179913273538
 0.79092945777898 -0.06907263606499
 0.77588387038522 -0.07682960029428
 0.76047017024397 -0.08493723003531
 0.74470892390554 -0.09339080946826
 0.72862116165232 -0.10217513630658
 0.71222834943791 -0.11119527562487
 0.69555236024508 -0.12031972321237
 0.67861544490057 -0.12949382956718
 0.66144020238572 -0.13867198535444
 0.64404954968262 -0.14774522743333
 0.62646669119584 -0.15663144125675
 0.60871508779078 -0.16527041646769
 0.59081842548972 -0.17361119173246
 0.57280058386750 -0.18161968407036
 0.55468560418894 -0.18926975816889
 0.53649765733045 -0.19645536282333
 0.51826101152883 -0.20302788044624
 0.50000000000000 -0.20904374512727
 0.48173898847117 -0.21442194722582
 0.46350234266955 -0.21931494772167
 0.44531439581106 -0.22367163232981
 0.42719941613250 -0.22734491318372
 0.40918157451028 -0.23046764864175
 0.39128491220922 -0.23303572977588
 0.37353330880416 -0.23499806166678
 0.35595045031738 -0.23630640305116
 0.33855979761428 -0.23715650150420
 0.32138455509943 -0.23730337469588
 0.30444763975492 -0.23692749444558
 0.28777165056209 -0.23600958039288
 0.27137883834768 -0.23456262103958
 0.25529107609446 -0.23247577645399
 0.23952982975603 -0.22984666882233
 0.22411612961478 -0.22670393298229
 0.20907054222102 -0.22296668377665
 0.19441314295108 -0.21864203999847
 0.18016348922055 -0.21366586115194
 0.16634059438888 -0.20792569012062
 0.15296290238968 -0.20129653530769
 0.14004826312100 -0.19315201890424
 0.12761390862811 -0.18787321272453
 0.11567643011073 -0.18211209626117
 0.10425175578537 -0.17602943666955
 0.09335512963222 -0.16956198960635
 0.08300109105506 -0.16265721653599
 0.07320345548133 -0.15538763102454
 0.06397529592810 -0.14765008057505
 0.05532892555874 -0.13959507049198
 0.04727588125343 -0.13119841225033
 0.03982690821542 -0.12225470941732
 0.03299194563373 -0.11308468352124
 0.02678011342120 -0.10329156567824
 0.02119970004580 -0.09318419115115
 0.01625815147129 -0.08272624596687
 0.01196206122204 -0.07209136614181
 0.00831716158527 -0.06101960972017
 0.00532831596244 -0.04915494521428
 0.00299951238003 -0.03616023149145
 0.00133385816822 -0.02240440123073
 0.00033357581488 -0.00939737746925
 0.00000000000000  0.00000000000000
 0.00033357581488  0.00625429521449
 0.00133385816822  0.01922766058936
 0.00299951238003  0.03358800394703
 0.00532831596244  0.04817515954524
 0.00831716158527  0.06073501160955
 0.01196206122204  0.07215492376606
 0.01625815147129  0.08321315136092
 0.02119970004580  0.09407398348568
 0.02678011342120  0.10479949576278
 0.03299194563373  0.11503726688698
 0.03982690821542  0.12485185351479
 0.04727588125343  0.13434191142223
 0.05532892555874  0.14331572842872
 0.06397529592810  0.15190378855979
 0.07320345548133  0.16005853492152
 0.08300109105506  0.16772352394864
 0.09335512963222  0.17487008626004
 0.10425175578537  0.18157053172562
 0.11567643011073  0.18774309373687
 0.12761390862811  0.19414349032206
 0.14004826312100  0.20213719337292
 0.15296290238968  0.20895589622612
 0.16634059438888  0.21477548646023
 0.18016348922055  0.21984370941736
 0.19441314295108  0.22422238577448
 0.20907054222102  0.22794408267500
 0.22411612961478  0.23109016670730
 0.23952982975603  0.23369361700187
 0.25529107609446  0.23576642650933
 0.27137883834768  0.23732511073286
 0.28777165056209  0.23834075263021
 0.30444763975492  0.23889404954418
 0.32138455509943  0.23889814723444
 0.33855979761428  0.23836039827942
 0.35595045031738  0.23749526095114
 0.37353330880416  0.23604121351774
 0.39128491220922  0.23416006774610
 0.40918157451028  0.23190155908239
 0.42719941613250  0.22918552706558
 0.44531439581106  0.22606338808082
 0.46350234266955  0.22253608233813
 0.48173898847117  0.21857369852768
 0.50000000000000  0.21417029308071
 0.51826101152883  0.20944770558316
 0.53649765733045  0.20435475862990
 0.55468560418894  0.19902580903464
 0.57280058386750  0.19345203326471
 0.59081842548972  0.18765225993670
 0.60871508779078  0.18169951901463
 0.62646669119584  0.17558125015084
 0.64404954968262  0.16924682727155
 0.66144020238572  0.16286666242134
 0.67861544490057  0.15635850132645
 0.69555236024508  0.14972739979810
 0.71222834943791  0.14310292471055
 0.72862116165232  0.13646398543189
 0.74470892390554  0.12982615817614
 0.76047017024397  0.12320285654071
 0.77588387038522  0.11658261044374
 0.79092945777898  0.11002774762381
 0.80558685704892  0.10359702665106
 0.81983651077945  0.09729229180044
 0.83365940561112  0.09108244366673
 0.84703709761032  0.08495397059228
 0.85995173687900  0.07899039196383
 0.87238609137189  0.07325160263441
 0.88432356988927  0.06770970469181
 0.89574824421463  0.06235988793588
 0.90664487036778  0.05725234437786
 0.91699890894494  0.05240723646160
 0.92679654451867  0.04777468900443
 0.93602470407190  0.04331743745196
 0.94467107444126  0.03908169921738
 0.95272411874657  0.03515008466434
 0.96017309178458  0.03156430157117
 0.96700805436627  0.02824118490862
 0.97321988657880  0.02507040385821
 0.97880029995420  0.02199814610660
 0.98374184852871  0.01901686138977
 0.98803793877796  0.01615708843799
 0.99168283841473  0.01348147848195
 0.99467168403756  0.01107778771606
 0.99700048761997  0.00904934703286
 0.99866614183178  0.00750256827740
 0.99966642418512  0.00653116708215
 1.00000000000000  0.00320194213985
</coords>