<reference>
Airfoil "Interp_058064" created on 26-Apr-2025 14:56:21 for blade project jamiesonsCaseTipDfl
</reference>
<coords>
 1.00000000000000  0.00000000000000
 1.00000000000000 -0.01203102145577
 0.99966642418512 -0.01236190700003
 0.99866614183178 -0.01208531596968
 0.99700048761997 -0.01163104166176
 0.99467168403756 -0.01100951147380
 0.99168283841473 -0.01023600740814
 0.98803793877796 -0.00933132766814
 0.98374184852871 -0.00832259188176
 0.97880029995420 -0.00724416025526
 0.97321988657880 -0.00613863419837
 0.96700805436627 -0.00505790489212
 0.96017309178458 -0.00406358849768
 0.95272411874657 -0.00320590187180
 0.94467107444126 -0.00250854980270
 0.93602470407190 -0.00199124347267
 0.92679654451867 -0.00170169785862
 0.91699890894494 -0.00168539576191
 0.90664487036778 -0.00190946070409
 0.89574824421463 -0.00233535766209
 0.88432356988927 -0.00306281733401
 0.87238609137189 -0.00417666890727
 0.85995173687900 -0.00568034107271
 0.84703709761032 -0.00760428341378
 0.83365940561112 -0.00997284731285
 0.81983651077945 -0.01278272340803
 0.80558685704892 -0.01605325961924
 0.79092945777898 -0.01978215842827
 0.77588387038522 -0.02398163849278
 0.76047017024397 -0.02867261625516
 0.74470892390554 -0.03383116953872
 0.72862116165232 -0.03942982030462
 0.71222834943791 -0.04542610800724
 0.69555236024508 -0.05178245983375
 0.67861544490057 -0.05845785948666
 0.66144020238572 -0.06537737591993
 0.64404954968262 -0.07247527166443
 0.62646669119584 -0.07968110422124
 0.60871508779078 -0.08691691301210
 0.59081842548972 -0.09412620779592
 0.57280058386750 -0.10125547455752
 0.55468560418894 -0.10820457225961
 0.53649765733045 -0.11493903141931
 0.51826101152883 -0.12138388306863
 0.50000000000000 -0.12750542546321
 0.48173898847117 -0.13326841949776
 0.46350234266955 -0.13863380221261
 0.44531439581106 -0.14357018055344
 0.42719941613250 -0.14805085188450
 0.40918157451028 -0.15204133601331
 0.39128491220922 -0.15523651673750
 0.37353330880416 -0.15755894988624
 0.35595045031738 -0.15972445754006
 0.33855979761428 -0.16183047805492
 0.32138455509943 -0.16394172971176
 0.30444763975492 -0.16539964311022
 0.28777165056209 -0.16565586755216
 0.27137883834768 -0.16550475901072
 0.25529107609446 -0.16493690536918
 0.23952982975603 -0.16387720594114
 0.22411612961478 -0.16235211959456
 0.20907054222102 -0.16036826931833
 0.19441314295108 -0.15793781700712
 0.18016348922055 -0.15508757343045
 0.16634059438888 -0.15182104285666
 0.15296290238968 -0.14816560391055
 0.14004826312100 -0.14410872328989
 0.12761390862811 -0.13968119105199
 0.11567643011073 -0.13489467574269
 0.10425175578537 -0.12977670744843
 0.09335512963222 -0.12433484201861
 0.08300109105506 -0.11857313480653
 0.07320345548133 -0.11250020930084
 0.06397529592810 -0.10613655197642
 0.05532892555874 -0.09949832604195
 0.04727588125343 -0.09264177684282
 0.03982690821542 -0.08557905019183
 0.03299194563373 -0.07831692327046
 0.02678011342120 -0.07086947008737
 0.02119970004580 -0.06323244945524
 0.01625815147129 -0.05549506706837
 0.01196206122204 -0.04776498136191
 0.00831716158527 -0.03998882612802
 0.00532831596244 -0.03191998653616
 0.00299951238003 -0.02342790461313
 0.00133385816822 -0.01457877789692
 0.00033357581488 -0.00659049954015
 0.00000000000000  0.00000000000000
 0.00033357581488  0.00643855892070
 0.00133385816822  0.01456188480930
 0.00299951238003  0.02383049830925
 0.00532831596244  0.03326091443423
 0.00831716158527  0.04183364632042
 0.01196206122204  0.04990610579050
 0.01625815147129  0.05793044332860
 0.02119970004580  0.06594109246446
 0.02678011342120  0.07385013963771
 0.03299194563373  0.08159023535953
 0.03982690821542  0.08912897619772
 0.04727588125343  0.09645800310993
 0.05532892555874  0.10353682308657
 0.06397529592810  0.11033199671964
 0.07320345548133  0.11681296292757
 0.08300109105506  0.12294704764425
 0.09335512963222  0.12872433697484
 0.10425175578537  0.13412939885174
 0.11567643011073  0.13912456124927
 0.12761390862811  0.14371881902704
 0.14004826312100  0.14789856947559
 0.15296290238968  0.15165126885346
 0.16634059438888  0.15493720884459
 0.18016348922055  0.15778012558828
 0.19441314295108  0.16015780635636
 0.20907054222102  0.16208606110185
 0.22411612961478  0.16357183527571
 0.23952982975603  0.16463130637273
 0.25529107609446  0.16526805450865
 0.27137883834768  0.16549867801166
 0.28777165056209  0.16539843626999
 0.30444763975492  0.16429017101144
 0.32138455509943  0.16266286423186
 0.33855979761428  0.16104310340269
 0.35595045031738  0.15937333727287
 0.37353330880416  0.15760293430589
 0.39128491220922  0.15570159149519
 0.40918157451028  0.15362323807215
 0.42719941613250  0.15139018418598
 0.44531439581106  0.14842134193146
 0.46350234266955  0.14514205006415
 0.48173898847117  0.14165993400995
 0.50000000000000  0.13801292979573
 0.51826101152883  0.13420744933612
 0.53649765733045  0.13026272680487
 0.55468560418894  0.12620748603109
 0.57280058386750  0.12205571589829
 0.59081842548972  0.11781147619779
 0.60871508779078  0.11351638260288
 0.62646669119584  0.10915919703615
 0.64404954968262  0.10477984789251
 0.66144020238572  0.10038248728340
 0.67861544490057  0.09598059414975
 0.69555236024508  0.09159694634912
 0.71222834943791  0.08723305601983
 0.72862116165232  0.08290543527109
 0.74470892390554  0.07863491510825
 0.76047017024397  0.07442899903833
 0.77588387038522  0.07030318357352
 0.79092945777898  0.06626929403404
 0.80558685704892  0.06233403200065
 0.81983651077945  0.05850391896971
 0.83365940561112  0.05478875797407
 0.84703709761032  0.05120258428846
 0.85995173687900  0.04775801044859
 0.87238609137189  0.04445931174003
 0.88432356988927  0.04130114088714
 0.89574824421463  0.03829229637502
 0.90664487036778  0.03544383364520
 0.91699890894494  0.03275835521935
 0.92679654451867  0.03024035041863
 0.93602470407190  0.02789269348304
 0.94467107444126  0.02570286579084
 0.95272411874657  0.02365819695533
 0.96017309178458  0.02176160827938
 0.96700805436627  0.02002043469880
 0.97321988657880  0.01843856824739
 0.97880029995420  0.01701740011470
 0.98374184852871  0.01575837790699
 0.98803793877796  0.01466305944825
 0.99168283841473  0.01373301440180
 0.99467168403756  0.01296973454491
 0.99700048761997  0.01237455461940
 0.99866614183178  0.01194858528468
 0.99966642418512  0.01169265947972
 1.00000000000000  0.01203102145577
</coords>